0 1 55
0 2 82
0 4 97
0 5 67
0 7 95
0 9 58
0 10 53
0 14 8
0 16 34
0 17 20
0 18 78
0 20 25
0 21 93
0 22 10
0 23 81
0 25 6
0 26 27
0 30 1
0 31 55
0 33 80
0 36 88
0 38 30
0 39 77
0 40 99
0 41 53
0 42 98
0 46 13
0 47 71
0 50 90
0 52 84
0 53 95
0 54 91
0 55 87
0 56 91
0 62 82
0 64 89
0 65 17
0 68 77
0 70 64
0 73 84
0 74 74
0 75 39
0 77 93
0 78 83
0 81 71
0 82 67
0 84 80
0 85 11
0 86 98
0 87 17
0 88 21
0 91 48
0 94 12
0 95 86
0 96 2
0 98 89
1 2 22
1 3 70
1 4 46
1 8 51
1 9 62
1 11 27
1 12 21
1 13 26
1 18 51
1 19 41
1 22 26
1 23 20
1 24 33
1 25 93
1 27 24
1 28 51
1 32 75
1 34 47
1 36 91
1 39 49
1 40 68
1 41 6
1 46 94
1 47 90
1 48 61
1 49 78
1 51 68
1 53 41
1 54 53
1 56 48
1 57 43
1 58 93
1 62 81
1 63 30
1 65 45
1 66 99
1 67 77
1 69 35
1 72 77
1 75 46
1 83 7
1 86 16
1 87 50
1 89 67
1 90 67
1 93 26
1 95 92
1 96 21
1 98 50
1 99 6
2 0 83
2 3 58
2 5 55
2 7 74
2 9 54
2 12 21
2 13 49
2 14 25
2 20 62
2 22 8
2 24 92
2 25 18
2 27 87
2 29 14
2 31 27
2 32 70
2 33 50
2 36 97
2 39 22
2 40 72
2 42 77
2 43 26
2 45 28
2 46 50
2 48 81
2 49 29
2 50 19
2 51 16
2 52 49
2 53 89
2 56 56
2 57 33
2 59 17
2 61 69
2 62 13
2 63 62
2 65 5
2 67 62
2 69 17
2 70 25
2 72 10
2 74 80
2 75 37
2 76 6
2 77 12
2 78 45
2 79 64
2 83 21
2 85 89
2 86 29
2 87 35
2 88 2
2 89 19
2 90 11
2 91 56
2 93 23
2 95 68
2 97 97
3 4 93
3 8 82
3 9 95
3 10 54
3 15 61
3 21 62
3 23 67
3 24 68
3 25 55
3 26 1
3 27 87
3 29 71
3 31 86
3 33 56
3 35 21
3 37 76
3 41 13
3 42 48
3 44 38
3 47 88
3 52 28
3 53 1
3 54 36
3 55 35
3 59 77
3 60 30
3 66 70
3 67 51
3 72 19
3 74 79
3 75 62
3 76 48
3 77 74
3 78 96
3 79 9
3 80 56
3 81 43
3 83 7
3 87 37
3 88 4
3 89 74
3 92 5
3 93 47
3 99 46
4 0 83
4 3 2
4 5 9
4 8 59
4 9 77
4 11 25
4 14 44
4 15 40
4 19 61
4 22 37
4 23 45
4 26 84
4 28 80
4 30 29
4 31 91
4 33 50
4 35 87
4 36 25
4 38 16
4 39 66
4 40 80
4 41 2
4 45 99
4 46 75
4 48 59
4 49 17
4 50 84
4 54 81
4 56 68
4 60 22
4 61 40
4 62 7
4 64 12
4 65 82
4 66 1
4 69 52
4 70 13
4 73 74
4 81 71
4 82 51
4 90 66
4 92 73
4 94 62
4 96 78
5 0 95
5 1 95
5 2 46
5 3 98
5 8 75
5 11 90
5 12 83
5 16 83
5 17 99
5 20 65
5 21 85
5 22 38
5 25 46
5 26 33
5 28 83
5 29 10
5 30 77
5 32 88
5 34 48
5 37 34
5 38 21
5 39 28
5 40 49
5 41 43
5 42 30
5 44 58
5 47 19
5 48 5
5 50 95
5 54 76
5 55 15
5 61 81
5 63 84
5 68 67
5 73 24
5 74 39
5 76 13
5 78 29
5 80 4
5 81 59
5 83 22
5 84 70
5 85 70
5 86 24
5 88 62
5 89 90
5 91 31
5 94 14
5 95 6
5 96 64
5 98 38
5 99 75
6 2 49
6 5 60
6 7 46
6 9 76
6 10 48
6 13 62
6 14 59
6 15 70
6 16 41
6 17 81
6 18 24
6 25 22
6 26 10
6 31 24
6 38 55
6 41 60
6 43 48
6 44 6
6 45 66
6 47 51
6 50 97
6 51 18
6 53 32
6 54 42
6 55 76
6 56 51
6 57 64
6 62 70
6 66 89
6 68 56
6 69 59
6 73 9
6 74 6
6 76 13
6 77 68
6 79 83
6 82 79
6 87 95
6 90 77
6 92 11
6 95 85
6 96 47
7 2 50
7 3 55
7 4 97
7 9 67
7 13 61
7 17 81
7 19 39
7 25 70
7 27 84
7 29 5
7 30 27
7 31 37
7 32 20
7 37 7
7 38 86
7 40 24
7 46 60
7 47 44
7 48 77
7 49 8
7 50 20
7 51 41
7 52 51
7 53 94
7 55 59
7 57 68
7 62 82
7 63 75
7 64 48
7 65 73
7 66 96
7 67 47
7 68 83
7 69 38
7 70 90
7 71 74
7 74 18
7 75 70
7 76 87
7 78 23
7 79 5
7 80 74
7 82 23
7 84 41
7 86 47
7 89 87
7 91 51
7 93 79
7 96 58
7 98 53
8 0 50
8 1 60
8 2 21
8 3 76
8 4 52
8 5 13
8 9 13
8 10 30
8 12 77
8 13 66
8 14 36
8 17 5
8 18 78
8 20 39
8 22 52
8 23 68
8 24 74
8 25 21
8 27 88
8 29 53
8 30 18
8 31 16
8 32 26
8 33 99
8 35 95
8 38 91
8 39 30
8 40 4
8 41 36
8 42 52
8 43 49
8 46 86
8 47 59
8 51 63
8 53 6
8 56 94
8 59 26
8 61 20
8 63 35
8 65 63
8 66 54
8 68 95
8 69 38
8 70 58
8 71 58
8 74 67
8 75 93
8 76 53
8 78 55
8 79 37
8 80 72
8 82 6
8 83 79
8 84 84
8 85 83
8 87 36
8 88 87
8 89 50
8 90 1
8 92 40
8 93 3
8 94 34
8 95 47
8 96 69
8 97 75
8 98 29
9 3 40
9 5 87
9 7 30
9 8 25
9 11 50
9 12 62
9 13 81
9 14 60
9 15 75
9 20 80
9 25 74
9 27 33
9 29 11
9 33 82
9 35 95
9 36 12
9 37 82
9 38 69
9 40 45
9 41 8
9 42 86
9 43 76
9 47 75
9 48 50
9 52 6
9 53 31
9 55 79
9 56 60
9 57 97
9 60 80
9 61 35
9 62 13
9 64 50
9 67 89
9 70 3
9 73 29
9 75 2
9 76 40
9 77 78
9 78 74
9 79 68
9 80 63
9 81 13
9 82 56
9 84 89
9 85 96
9 86 18
9 87 22
9 88 67
9 90 17
9 92 70
9 94 35
9 97 48
10 0 83
10 1 16
10 3 28
10 5 69
10 9 81
10 11 37
10 12 44
10 17 15
10 18 69
10 20 1
10 22 13
10 23 26
10 25 52
10 26 94
10 27 57
10 29 56
10 30 24
10 31 88
10 33 23
10 36 84
10 37 2
10 38 66
10 41 80
10 44 21
10 45 44
10 46 57
10 48 62
10 49 5
10 51 15
10 52 72
10 55 11
10 58 97
10 61 6
10 62 78
10 63 37
10 65 39
10 66 48
10 74 62
10 75 23
10 76 23
10 77 51
10 78 64
10 80 27
10 81 62
10 84 95
10 86 30
10 91 19
10 93 31
10 94 43
10 98 44
11 3 20
11 4 63
11 5 79
11 7 74
11 8 97
11 13 91
11 24 56
11 25 80
11 26 79
11 27 13
11 28 48
11 29 11
11 31 88
11 32 50
11 33 40
11 34 81
11 36 76
11 38 14
11 42 71
11 43 79
11 44 27
11 46 62
11 47 86
11 50 84
11 52 61
11 53 29
11 54 97
11 55 97
11 56 12
11 58 9
11 61 43
11 62 98
11 64 7
11 65 28
11 66 87
11 67 46
11 69 13
11 70 77
11 71 60
11 74 57
11 76 31
11 79 68
11 81 62
11 82 46
11 83 5
11 84 41
11 86 97
11 87 15
11 91 17
11 93 65
11 94 74
11 95 57
12 0 35
12 1 27
12 4 40
12 5 40
12 8 2
12 13 68
12 14 53
12 18 45
12 19 8
12 20 29
12 22 40
12 25 53
12 29 3
12 30 12
12 34 51
12 36 27
12 38 87
12 39 51
12 41 2
12 42 45
12 43 68
12 47 32
12 52 32
12 53 35
12 55 71
12 58 52
12 61 88
12 62 77
12 64 43
12 65 29
12 66 45
12 67 91
12 68 35
12 69 39
12 70 92
12 72 8
12 73 39
12 74 5
12 76 98
12 82 48
12 86 72
12 87 75
12 89 73
12 90 60
12 93 34
12 94 4
12 97 40
13 3 30
13 4 42
13 5 93
13 7 94
13 8 34
13 11 44
13 12 63
13 15 54
13 17 48
13 20 5
13 21 37
13 26 29
13 28 80
13 29 49
13 30 33
13 33 67
13 34 55
13 35 4
13 37 3
13 38 74
13 39 49
13 40 1
13 45 67
13 53 59
13 54 59
13 55 41
13 57 12
13 58 19
13 62 31
13 63 86
13 66 96
13 67 46
13 71 70
13 73 85
13 74 28
13 75 48
13 76 68
13 77 5
13 78 85
13 79 58
13 81 20
13 82 22
13 83 97
13 85 46
13 86 21
13 87 52
13 89 64
13 93 21
13 94 24
13 95 2
13 98 91
14 2 6
14 3 53
14 5 7
14 6 28
14 9 84
14 11 73
14 12 96
14 18 87
14 19 64
14 20 29
14 25 87
14 26 28
14 28 58
14 29 98
14 30 90
14 38 40
14 44 46
14 45 12
14 46 63
14 47 47
14 49 32
14 51 66
14 54 2
14 56 68
14 57 60
14 58 89
14 60 99
14 66 50
14 67 3
14 68 33
14 69 80
14 73 36
14 75 20
14 79 70
14 81 65
14 82 31
14 83 71
14 88 57
14 89 31
14 93 11
14 94 23
14 98 67
15 1 26
15 5 12
15 7 26
15 8 50
15 10 6
15 12 67
15 17 53
15 18 48
15 20 46
15 21 72
15 22 72
15 23 8
15 25 7
15 27 72
15 30 58
15 32 52
15 33 48
15 34 68
15 35 22
15 37 86
15 38 62
15 41 5
15 42 53
15 46 61
15 47 85
15 50 80
15 53 14
15 54 61
15 55 43
15 59 60
15 61 17
15 62 54
15 65 7
15 66 19
15 67 27
15 68 29
15 69 17
15 75 33
15 76 14
15 79 84
15 82 60
15 83 32
15 84 45
15 85 99
15 86 54
15 87 8
15 91 24
15 96 29
15 98 9
15 99 45
16 0 69
16 1 86
16 3 24
16 4 53
16 11 46
16 14 49
16 21 77
16 23 71
16 24 93
16 26 27
16 27 9
16 29 36
16 30 1
16 31 6
16 32 85
16 36 61
16 38 91
16 40 60
16 44 78
16 45 53
16 49 14
16 51 67
16 53 37
16 55 71
16 56 11
16 57 91
16 61 84
16 63 98
16 65 72
16 68 73
16 69 7
16 70 29
16 71 6
16 74 21
16 75 54
16 77 17
16 81 38
16 82 29
16 84 89
16 86 59
16 88 61
16 91 52
16 93 67
16 94 61
16 95 84
16 98 94
16 99 39
17 0 75
17 1 21
17 2 47
17 3 79
17 4 99
17 5 97
17 6 79
17 7 29
17 12 56
17 13 88
17 18 78
17 21 71
17 23 99
17 27 54
17 30 1
17 31 42
17 34 63
17 35 71
17 42 42
17 44 6
17 45 65
17 47 72
17 50 81
17 51 93
17 54 76
17 57 53
17 62 5
17 67 83
17 68 33
17 70 35
17 71 63
17 72 8
17 73 70
17 74 26
17 76 69
17 78 1
17 80 55
17 85 61
17 86 11
17 87 36
17 88 74
17 89 94
17 90 69
17 92 8
17 93 32
17 95 38
17 99 37
18 1 75
18 4 81
18 7 23
18 8 18
18 9 81
18 11 44
18 12 32
18 14 67
18 15 44
18 19 78
18 23 70
18 24 21
18 26 17
18 27 78
18 29 24
18 31 40
18 34 81
18 36 48
18 39 20
18 42 45
18 43 90
18 44 59
18 45 54
18 48 62
18 50 9
18 55 45
18 56 16
18 59 18
18 60 20
18 63 94
18 64 81
18 67 79
18 70 95
18 71 85
18 73 26
18 75 7
18 76 32
18 77 1
18 78 93
18 79 78
18 81 34
18 82 35
18 83 68
18 87 61
18 88 20
18 90 73
18 92 37
18 94 26
19 0 33
19 1 42
19 6 69
19 8 38
19 9 29
19 10 69
19 11 42
19 13 45
19 14 77
19 17 12
19 22 33
19 24 8
19 26 23
19 29 16
19 30 34
19 31 85
19 35 12
19 38 60
19 41 43
19 46 76
19 50 65
19 52 76
19 53 50
19 56 16
19 58 90
19 59 28
19 61 70
19 62 90
19 63 14
19 64 24
19 66 76
19 67 65
19 68 59
19 69 15
19 70 9
19 73 84
19 75 84
19 77 5
19 78 87
19 79 94
19 81 76
19 82 75
19 84 52
19 93 27
19 94 1
19 95 91
19 97 57
19 99 72
20 0 89
20 1 69
20 3 58
20 4 49
20 5 38
20 6 56
20 11 96
20 12 97
20 13 84
20 18 49
20 19 15
20 25 30
20 26 55
20 28 85
20 29 13
20 30 22
20 31 80
20 32 46
20 36 13
20 38 29
20 39 35
20 40 97
20 42 95
20 43 93
20 46 78
20 49 15
20 50 21
20 51 10
20 53 83
20 55 3
20 56 56
20 58 33
20 59 38
20 60 84
20 66 9
20 68 28
20 69 71
20 73 73
20 74 28
20 77 83
20 78 97
20 79 26
20 80 64
20 81 77
20 82 40
20 86 86
20 88 19
20 89 30
20 92 4
20 93 10
20 98 24
20 99 88
21 2 12
21 3 31
21 5 94
21 9 79
21 10 22
21 11 53
21 12 70
21 14 62
21 16 28
21 17 41
21 23 27
21 26 47
21 27 49
21 32 12
21 35 48
21 40 91
21 41 61
21 44 83
21 45 11
21 46 88
21 51 12
21 52 85
21 55 12
21 56 43
21 59 31
21 61 24
21 62 80
21 63 67
21 66 71
21 67 86
21 70 37
21 71 57
21 72 46
21 73 19
21 77 56
21 78 74
21 79 69
21 81 4
21 82 74
21 84 19
21 86 13
21 87 35
21 90 30
21 91 37
21 92 47
21 93 67
21 94 47
21 97 30
21 98 25
21 99 91
22 0 80
22 2 22
22 3 39
22 6 34
22 9 59
22 16 73
22 17 3
22 18 40
22 20 39
22 23 51
22 26 44
22 28 9
22 30 91
22 32 7
22 33 4
22 37 26
22 38 90
22 40 42
22 47 87
22 49 77
22 50 40
22 53 32
22 55 69
22 59 89
22 61 73
22 64 11
22 65 64
22 66 1
22 68 19
22 69 64
22 75 23
22 76 2
22 79 73
22 81 2
22 86 32
22 89 66
22 90 69
22 92 50
22 93 3
22 94 23
22 95 81
22 97 74
22 99 59
23 2 96
23 3 28
23 4 33
23 6 20
23 8 52
23 9 69
23 10 68
23 14 25
23 15 11
23 16 78
23 18 36
23 19 24
23 21 77
23 22 11
23 24 16
23 25 54
23 26 57
23 27 11
23 30 25
23 31 54
23 34 80
23 36 19
23 37 94
23 39 2
23 40 37
23 41 2
23 43 7
23 44 13
23 45 76
23 46 45
23 51 57
23 53 54
23 56 17
23 57 9
23 58 63
23 61 11
23 63 47
23 65 59
23 67 79
23 72 97
23 75 19
23 76 35
23 81 79
23 82 39
23 83 74
23 85 58
23 88 5
23 91 22
23 92 28
23 93 51
23 94 80
24 0 5
24 1 76
24 2 43
24 3 55
24 4 84
24 6 85
24 7 92
24 10 56
24 11 70
24 12 74
24 13 27
24 14 27
24 16 84
24 18 5
24 22 3
24 23 43
24 25 19
24 32 71
24 36 17
24 37 43
24 40 59
24 41 85
24 44 97
24 46 72
24 47 55
24 48 97
24 49 31
24 51 75
24 53 52
24 59 6
24 60 94
24 61 25
24 62 98
24 63 83
24 64 49
24 66 56
24 70 29
24 71 46
24 72 65
24 74 9
24 79 12
24 80 20
24 81 94
24 84 32
24 90 83
24 91 2
24 92 52
24 97 85
25 1 18
25 2 62
25 4 11
25 6 19
25 10 10
25 11 44
25 13 51
25 14 98
25 15 35
25 17 7
25 19 17
25 21 9
25 22 23
25 24 54
25 28 21
25 29 13
25 31 82
25 33 63
25 38 91
25 39 59
25 42 76
25 43 53
25 44 89
25 46 79
25 47 87
25 52 9
25 56 67
25 57 57
25 58 63
25 62 53
25 63 76
25 65 90
25 67 90
25 68 43
25 73 88
25 74 95
25 80 69
25 81 50
25 83 35
25 84 59
25 85 50
25 89 6
25 91 73
25 93 98
25 96 94
25 97 64
25 98 23
26 0 41
26 2 98
26 3 28
26 5 99
26 6 26
26 7 15
26 9 10
26 11 44
26 12 26
26 13 65
26 17 35
26 18 81
26 20 26
26 24 72
26 27 57
26 28 77
26 31 80
26 32 45
26 33 25
26 34 3
26 36 17
26 39 24
26 41 82
26 46 97
26 50 48
26 51 63
26 52 88
26 55 56
26 57 66
26 61 68
26 62 96
26 64 26
26 65 93
26 66 26
26 68 90
26 69 11
26 70 12
26 72 58
26 73 54
26 74 75
26 76 19
26 77 65
26 79 29
26 80 75
26 81 1
26 83 70
26 84 96
26 91 46
26 94 16
26 95 15
26 96 89
26 98 11
26 99 98
27 1 84
27 2 71
27 3 56
27 4 62
27 6 22
27 8 29
27 12 72
27 13 7
27 14 18
27 15 75
27 17 34
27 18 31
27 22 71
27 25 6
27 26 93
27 32 29
27 34 9
27 35 79
27 38 36
27 43 91
27 49 88
27 50 17
27 53 27
27 54 18
27 55 89
27 56 97
27 58 50
27 59 92
27 63 10
27 64 94
27 65 82
27 66 58
27 67 67
27 71 43
27 72 51
27 74 60
27 76 26
27 77 30
27 78 96
27 79 10
27 81 85
27 86 24
27 88 80
27 89 54
27 91 88
27 95 63
27 96 49
27 97 7
27 98 23
28 0 27
28 5 82
28 11 25
28 12 4
28 13 32
28 14 17
28 15 49
28 16 81
28 20 98
28 23 92
28 24 22
28 25 32
28 26 51
28 30 29
28 31 45
28 32 90
28 33 75
28 34 42
28 36 13
28 37 11
28 40 68
28 41 27
28 42 75
28 43 90
28 44 69
28 45 90
28 46 30
28 47 30
28 50 49
28 54 41
28 57 93
28 59 54
28 60 35
28 63 17
28 64 70
28 65 24
28 66 74
28 67 3
28 68 56
28 73 55
28 74 90
28 75 4
28 78 56
28 82 26
28 84 24
28 85 36
28 86 49
28 87 61
28 89 1
28 90 26
28 92 18
28 93 6
28 94 41
28 96 69
28 97 23
28 98 2
29 0 45
29 1 12
29 2 44
29 3 65
29 4 11
29 6 81
29 7 52
29 10 22
29 14 71
29 16 3
29 17 79
29 18 88
29 21 59
29 23 48
29 24 7
29 26 26
29 27 19
29 28 92
29 30 46
29 35 90
29 37 82
29 38 87
29 39 59
29 41 40
29 43 8
29 44 60
29 45 63
29 47 26
29 48 86
29 49 48
29 51 90
29 52 81
29 53 66
29 54 13
29 56 62
29 57 70
29 59 27
29 60 51
29 61 9
29 63 6
29 66 60
29 67 79
29 69 85
29 71 49
29 73 18
29 74 34
29 76 87
29 77 3
29 81 78
29 82 62
29 83 83
29 84 62
29 86 80
29 90 70
29 92 8
29 95 26
29 98 21
29 99 23
30 0 11
30 1 83
30 3 51
30 5 26
30 6 37
30 7 49
30 8 38
30 9 92
30 11 61
30 12 67
30 14 81
30 17 72
30 18 27
30 20 90
30 24 50
30 26 27
30 27 44
30 29 68
30 32 72
30 33 33
30 36 3
30 38 26
30 39 55
30 40 71
30 41 32
30 44 29
30 46 68
30 47 35
30 49 37
30 50 86
30 55 34
30 58 92
30 60 78
30 62 94
30 63 2
30 64 17
30 67 15
30 69 83
30 75 14
30 77 91
30 78 80
30 81 85
30 82 1
30 83 72
30 84 71
30 85 21
30 88 33
30 89 54
30 93 86
30 95 84
30 98 35
31 0 77
31 1 42
31 2 42
31 3 85
31 5 55
31 8 36
31 10 41
31 14 29
31 16 99
31 17 83
31 19 53
31 20 16
31 22 63
31 24 74
31 25 46
31 28 96
31 32 91
31 34 13
31 35 93
31 41 16
31 42 12
31 43 98
31 45 61
31 46 33
31 47 95
31 48 89
31 49 58
31 52 6
31 53 9
31 54 40
31 56 48
31 57 61
31 58 1
31 59 21
31 60 82
31 62 77
31 68 46
31 70 62
31 71 45
31 74 83
31 76 41
31 77 94
31 78 58
31 80 67
31 81 43
31 83 92
31 85 33
31 90 9
31 92 50
31 93 29
31 95 61
31 97 92
31 98 9
31 99 77
32 3 22
32 4 8
32 6 25
32 9 3
32 10 34
32 11 50
32 14 85
32 15 78
32 18 98
32 19 63
32 20 38
32 21 59
32 22 89
32 26 75
32 27 49
32 28 69
32 29 73
32 30 54
32 33 16
32 34 37
32 36 11
32 37 85
32 39 11
32 42 79
32 43 2
32 50 85
32 53 1
32 54 90
32 57 67
32 59 45
32 61 95
32 62 10
32 64 43
32 65 67
32 69 81
32 70 19
32 71 78
32 72 52
32 75 61
32 77 15
32 81 8
32 86 17
32 91 98
32 92 85
32 95 56
32 96 92
32 97 48
32 98 9
32 99 72
33 2 16
33 3 86
33 4 68
33 5 97
33 7 74
33 11 82
33 14 26
33 17 84
33 19 87
33 20 39
33 21 15
33 22 46
33 25 77
33 29 91
33 30 69
33 31 33
33 32 40
33 35 60
33 42 29
33 44 35
33 45 89
33 47 6
33 48 37
33 49 27
33 51 43
33 52 89
33 54 42
33 58 72
33 59 37
33 61 10
33 63 21
33 64 50
33 65 89
33 67 79
33 68 5
33 69 50
33 70 54
33 71 12
33 73 65
33 74 91
33 77 97
33 78 45
33 79 15
33 82 58
33 84 1
33 86 9
33 88 66
33 91 47
33 95 70
33 97 19
33 98 61
33 99 20
34 0 44
34 1 71
34 2 66
34 4 85
34 5 1
34 6 43
34 8 34
34 9 42
34 10 89
34 20 52
34 21 65
34 23 36
34 24 82
34 27 46
34 30 35
34 31 83
34 32 16
34 33 48
34 36 5
34 37 35
34 38 9
34 39 88
34 41 39
34 43 22
34 45 36
34 47 56
34 48 95
34 51 70
34 60 3
34 61 36
34 62 36
34 68 34
34 70 39
34 71 39
34 73 41
34 75 11
34 76 84
34 77 24
34 80 96
34 84 28
34 85 40
34 86 82
34 87 75
34 89 87
34 91 37
34 92 48
34 93 8
34 95 84
34 97 65
35 6 5
35 7 84
35 8 89
35 9 59
35 10 34
35 11 17
35 14 47
35 15 34
35 17 19
35 19 75
35 20 50
35 21 65
35 22 54
35 25 31
35 26 8
35 30 36
35 33 10
35 36 43
35 37 44
35 38 18
35 40 15
35 41 52
35 44 55
35 45 17
35 46 61
35 47 80
35 48 86
35 49 72
35 50 17
35 53 17
35 54 1
35 57 34
35 59 31
35 62 62
35 64 57
35 69 43
35 71 44
35 78 45
35 80 5
35 82 36
35 83 91
35 86 90
35 87 29
35 88 38
35 89 84
35 95 79
35 99 16
36 0 71
36 1 91
36 2 73
36 3 13
36 4 56
36 6 81
36 8 5
36 9 57
36 11 50
36 13 14
36 15 34
36 17 69
36 19 58
36 20 38
36 22 26
36 26 49
36 28 72
36 29 81
36 30 99
36 31 91
36 32 63
36 37 10
36 39 50
36 40 51
36 41 48
36 43 13
36 45 18
36 46 12
36 47 36
36 48 96
36 49 25
36 50 40
36 52 4
36 54 71
36 56 92
36 60 28
36 62 59
36 63 91
36 67 25
36 69 53
36 71 18
36 72 17
36 74 88
36 81 84
36 84 80
36 86 69
36 90 26
36 91 22
36 94 63
36 95 51
36 97 11
36 98 43
36 99 39
37 0 4
37 1 76
37 2 92
37 3 20
37 4 80
37 5 16
37 7 57
37 11 40
37 12 20
37 13 35
37 14 72
37 15 39
37 18 64
37 21 46
37 24 86
37 25 67
37 26 56
37 29 88
37 31 59
37 33 41
37 34 1
37 35 1
37 40 81
37 41 93
37 45 33
37 47 77
37 49 48
37 52 69
37 53 68
37 54 91
37 55 11
37 56 56
37 58 96
37 60 45
37 61 6
37 62 18
37 65 4
37 66 84
37 69 66
37 72 77
37 73 65
37 74 57
37 76 26
37 80 12
37 81 52
37 83 24
37 84 21
37 86 91
37 87 21
37 90 52
37 93 93
37 94 61
37 96 31
37 97 75
38 1 7
38 3 73
38 4 51
38 6 26
38 7 36
38 8 34
38 9 51
38 10 75
38 13 27
38 14 15
38 15 34
38 16 25
38 17 18
38 19 93
38 20 54
38 24 47
38 25 85
38 30 54
38 31 80
38 34 24
38 37 25
38 39 49
38 42 19
38 44 24
38 45 97
38 46 2
38 47 90
38 49 90
38 51 30
38 52 76
38 54 79
38 55 19
38 56 82
38 57 34
38 58 33
38 59 27
38 61 77
38 62 46
38 63 54
38 64 43
38 65 49
38 66 58
38 70 99
38 71 65
38 72 93
38 73 87
38 75 99
38 78 49
38 85 12
38 86 54
38 87 59
38 89 19
38 90 7
38 92 73
38 95 98
38 96 77
38 98 93
38 99 99
39 0 66
39 4 14
39 5 47
39 10 58
39 11 36
39 13 17
39 14 30
39 15 36
39 16 55
39 19 66
39 20 45
39 21 99
39 23 72
39 24 68
39 26 7
39 27 87
39 29 81
39 30 6
39 31 2
39 33 16
39 35 63
39 37 40
39 40 12
39 41 78
39 42 74
39 43 83
39 44 83
39 45 46
39 47 74
39 48 44
39 50 10
39 51 39
39 53 40
39 57 1
39 59 36
39 60 64
39 61 71
39 65 57
39 68 54
39 69 12
39 70 64
39 71 42
39 76 20
39 78 39
39 80 93
39 83 20
39 85 84
39 88 5
39 89 36
39 94 37
39 95 9
39 96 97
39 98 40
40 0 22
40 1 40
40 7 83
40 8 85
40 9 52
40 11 9
40 12 53
40 13 7
40 14 45
40 15 91
40 16 27
40 17 2
40 19 86
40 20 58
40 22 93
40 24 51
40 25 18
40 26 93
40 35 90
40 37 77
40 38 5
40 42 63
40 43 39
40 45 92
40 46 56
40 51 30
40 52 44
40 53 8
40 56 83
40 57 86
40 61 42
40 62 71
40 63 55
40 68 18
40 69 53
40 70 22
40 71 3
40 72 58
40 75 23
40 76 11
40 78 26
40 79 54
40 80 55
40 82 24
40 84 71
40 86 53
40 93 48
40 95 88
40 96 79
40 97 94
40 98 9
41 0 72
41 1 72
41 3 96
41 5 79
41 6 36
41 8 53
41 9 71
41 12 81
41 14 26
41 16 22
41 18 67
41 19 40
41 20 40
41 29 58
41 31 93
41 32 27
41 34 23
41 35 73
41 36 88
41 42 65
41 44 53
41 46 17
41 49 53
41 50 25
41 52 77
41 53 30
41 55 33
41 57 76
41 58 14
41 59 57
41 61 70
41 62 45
41 63 30
41 65 34
41 68 76
41 69 38
41 71 17
41 76 48
41 77 63
41 80 7
41 85 83
41 86 83
41 87 54
41 88 1
41 89 12
41 90 54
41 93 59
41 94 2
41 95 39
41 97 29
42 0 60
42 1 85
42 2 7
42 4 46
42 6 43
42 7 40
42 9 41
42 10 43
42 14 52
42 19 55
42 20 87
42 21 51
42 22 21
42 25 32
42 28 62
42 29 16
42 35 62
42 36 71
42 37 21
42 39 2
42 40 3
42 41 69
42 43 66
42 44 86
42 46 29
42 47 13
42 49 39
42 52 56
42 54 6
42 60 13
42 62 15
42 64 86
42 69 66
42 70 78
42 73 19
42 74 48
42 75 31
42 77 70
42 78 49
42 79 14
42 82 8
42 85 87
42 86 68
42 90 39
42 92 28
42 93 10
42 94 57
42 95 94
42 99 25
43 0 33
43 1 59
43 2 10
43 5 88
43 6 29
43 7 12
43 9 76
43 10 26
43 13 85
43 14 30
43 16 99
43 17 72
43 18 32
43 20 71
43 21 24
43 22 41
43 25 72
43 26 45
43 28 81
43 30 63
43 31 71
43 33 3
43 34 99
43 35 70
43 44 6
43 45 46
43 46 91
43 47 35
43 49 89
43 51 88
43 52 51
43 56 15
43 63 60
43 66 41
43 68 96
43 69 93
43 70 92
43 72 12
43 73 20
43 74 79
43 76 31
43 79 29
43 81 13
43 82 90
43 83 96
43 84 61
43 87 51
43 88 26
43 89 82
43 91 67
43 92 95
43 94 86
43 98 3
44 1 37
44 3 31
44 5 64
44 6 48
44 7 11
44 11 74
44 13 62
44 14 66
44 15 21
44 19 64
44 23 46
44 26 34
44 32 36
44 34 83
44 35 30
44 37 54
44 42 67
44 43 5
44 45 73
44 48 73
44 49 36
44 51 73
44 52 8
44 54 29
44 55 7
44 56 79
44 57 26
44 58 41
44 60 32
44 63 15
44 64 78
44 65 68
44 66 29
44 67 38
44 70 2
44 72 50
44 73 33
44 75 73
44 76 9
44 78 70
44 79 67
44 80 10
44 82 65
44 83 23
44 87 4
44 89 25
44 91 97
44 96 39
44 97 66
44 98 90
44 99 21
45 2 1
45 3 9
45 4 25
45 10 74
45 11 44
45 12 27
45 13 54
45 14 50
45 15 40
45 18 95
45 21 6
45 22 29
45 23 96
45 25 44
45 33 17
45 35 61
45 39 38
45 41 1
45 42 12
45 44 12
45 47 31
45 50 84
45 52 2
45 53 22
45 54 40
45 56 96
45 58 98
45 59 75
45 60 32
45 61 61
45 64 17
45 65 44
45 66 97
45 67 85
45 69 54
45 70 23
45 71 14
45 74 87
45 76 98
45 79 18
45 81 8
45 84 52
45 86 58
45 88 89
45 89 54
45 90 67
45 91 75
45 92 63
45 94 96
45 95 53
45 97 43
46 1 38
46 4 13
46 5 2
46 6 64
46 8 86
46 10 4
46 14 92
46 15 83
46 16 97
46 17 54
46 18 47
46 19 15
46 20 65
46 22 54
46 24 78
46 25 57
46 26 7
46 27 20
46 28 73
46 30 30
46 33 64
46 34 30
46 35 61
46 37 95
46 40 35
46 42 28
46 43 79
46 44 9
46 52 68
46 53 26
46 54 87
46 56 3
46 57 25
46 58 54
46 60 35
46 62 51
46 63 84
46 64 73
46 69 64
46 70 76
46 71 66
46 72 29
46 74 84
46 76 62
46 81 46
46 82 52
46 83 42
46 84 83
46 85 89
46 87 7
46 88 58
46 89 16
46 93 26
46 96 47
46 98 40
47 0 16
47 2 72
47 3 5
47 7 8
47 9 27
47 12 1
47 13 47
47 14 73
47 15 48
47 19 81
47 20 28
47 21 42
47 22 25
47 23 77
47 24 74
47 27 60
47 29 38
47 30 4
47 31 31
47 36 71
47 38 39
47 39 46
47 40 99
47 43 70
47 48 79
47 49 38
47 50 6
47 52 71
47 53 41
47 55 28
47 57 9
47 58 59
47 59 83
47 60 29
47 63 20
47 64 52
47 65 39
47 70 86
47 76 27
47 79 61
47 80 40
47 81 49
47 86 18
47 87 1
47 89 23
47 91 90
47 96 28
47 99 95
48 0 65
48 1 12
48 3 21
48 11 3
48 15 8
48 16 90
48 19 26
48 20 67
48 23 42
48 24 35
48 25 23
48 27 39
48 31 51
48 32 30
48 33 36
48 36 61
48 37 66
48 39 87
48 40 19
48 41 18
48 43 59
48 44 41
48 47 96
48 49 95
48 51 74
48 52 35
48 54 21
48 55 94
48 57 6
48 60 59
48 62 48
48 64 63
48 65 50
48 66 55
48 67 39
48 70 66
48 71 70
48 73 18
48 74 10
48 76 1
48 78 38
48 79 88
48 80 39
48 83 3
48 85 13
48 86 71
48 88 4
48 89 57
48 90 22
48 91 76
48 95 70
48 98 68
49 0 61
49 2 3
49 6 97
49 8 98
49 10 81
49 12 2
49 13 94
49 17 17
49 19 41
49 20 76
49 21 85
49 22 5
49 23 15
49 24 73
49 26 73
49 27 47
49 28 55
49 29 45
49 31 62
49 36 5
49 37 80
49 41 16
49 43 5
49 44 82
49 45 81
49 48 68
49 51 95
49 53 69
49 54 15
49 58 96
49 59 92
49 60 74
49 62 9
49 65 75
49 66 91
49 67 36
49 68 34
49 70 55
49 71 96
49 72 69
49 74 37
49 75 36
49 76 19
49 79 40
49 82 37
49 83 45
49 85 16
49 86 6
49 87 45
49 88 91
49 89 10
49 91 12
49 94 92
49 95 79
49 96 13
49 97 64
49 98 99
49 99 78
50 0 1
50 2 93
50 4 52
50 5 98
50 6 97
50 7 66
50 8 3
50 9 47
50 10 81
50 11 79
50 15 26
50 16 25
50 18 66
50 19 7
50 20 77
50 26 7
50 27 35
50 29 63
50 31 67
50 32 27
50 37 88
50 38 54
50 39 53
50 40 84
50 41 31
50 42 7
50 43 60
50 44 21
50 45 51
50 46 98
50 47 73
50 52 96
50 54 79
50 56 22
50 58 85
50 59 17
50 61 72
50 63 82
50 65 1
50 66 58
50 67 24
50 68 4
50 70 46
50 71 19
50 72 62
50 73 58
50 75 62
50 76 68
50 77 60
50 78 67
50 79 32
50 80 98
50 82 37
50 84 39
50 85 88
50 86 33
50 87 13
50 88 2
50 90 39
50 91 94
50 92 68
50 96 87
50 98 38
50 99 3
51 0 20
51 1 42
51 6 99
51 7 43
51 8 3
51 10 41
51 12 9
51 14 27
51 16 61
51 17 93
51 19 10
51 22 1
51 25 10
51 26 28
51 27 46
51 28 82
51 30 3
51 36 47
51 38 87
51 39 17
51 41 52
51 43 85
51 44 80
51 45 94
51 46 52
51 55 73
51 57 48
51 58 16
51 59 92
51 61 90
51 62 31
51 65 28
51 67 87
51 69 77
51 70 5
51 71 26
51 74 8
51 75 92
51 76 11
51 77 86
51 79 65
51 81 23
51 82 5
51 85 39
51 87 99
51 88 59
51 89 85
51 90 66
51 92 22
51 94 10
51 95 68
51 97 70
51 98 2
51 99 14
52 1 84
52 2 96
52 3 46
52 4 96
52 5 48
52 9 86
52 11 88
52 13 89
52 15 23
52 16 96
52 18 94
52 20 56
52 22 38
52 24 67
52 29 75
52 30 44
52 33 12
52 34 5
52 38 51
52 39 38
52 40 1
52 41 82
52 43 42
52 44 33
52 45 78
52 46 8
52 47 77
52 48 32
52 53 63
52 54 36
52 59 88
52 60 16
52 61 75
52 62 65
52 66 65
52 67 43
52 68 74
52 70 67
52 72 31
52 73 25
52 75 71
52 76 76
52 78 53
52 80 7
52 81 93
52 83 70
52 84 53
52 86 69
52 88 75
52 90 57
52 91 79
52 92 10
52 93 3
52 94 90
52 95 48
52 96 44
52 98 62
53 2 39
53 4 63
53 6 36
53 7 4
53 8 83
53 12 58
53 14 31
53 15 51
53 16 72
53 17 99
53 19 87
53 21 38
53 24 13
53 25 33
53 26 44
53 31 7
53 32 67
53 33 8
53 35 6
53 36 91
53 39 86
53 40 24
53 46 1
53 48 76
53 50 17
53 55 96
53 59 26
53 60 41
53 61 93
53 62 47
53 63 38
53 64 12
53 65 89
53 68 14
53 70 26
53 73 91
53 77 43
53 78 42
53 79 56
53 83 10
53 84 4
53 88 64
53 89 82
53 90 79
53 91 28
53 93 47
53 96 97
53 98 73
54 0 15
54 1 1
54 7 81
54 8 69
54 11 75
54 13 88
54 14 29
54 17 17
54 18 70
54 22 2
54 24 61
54 28 89
54 32 40
54 33 23
54 35 93
54 38 2
54 39 91
54 40 1
54 41 45
54 45 79
54 46 45
54 47 4
54 49 38
54 51 60
54 55 1
54 58 90
54 64 2
54 65 43
54 66 88
54 68 7
54 75 86
54 76 36
54 80 35
54 82 60
54 83 69
54 84 27
54 86 50
54 90 24
54 91 91
54 97 78
54 98 99
55 0 38
55 2 13
55 4 8
55 6 23
55 8 5
55 11 38
55 12 15
55 13 7
55 16 41
55 17 52
55 18 54
55 19 79
55 21 79
55 23 51
55 24 28
55 25 25
55 26 77
55 27 76
55 31 80
55 38 34
55 39 93
55 40 4
55 42 84
55 43 43
55 44 76
55 45 16
55 46 5
55 47 48
55 48 20
55 50 33
55 51 85
55 53 6
55 56 30
55 61 69
55 62 90
55 63 93
55 64 25
55 67 64
55 68 30
55 72 82
55 76 36
55 77 39
55 78 47
55 79 32
55 81 91
55 82 17
55 83 73
55 84 20
55 86 87
55 87 86
55 89 94
55 90 41
55 92 67
55 93 18
55 95 67
55 97 28
55 98 86
55 99 60
56 2 8
56 5 56
56 6 85
56 7 14
56 8 36
56 10 49
56 11 71
56 12 74
56 14 2
56 16 40
56 17 34
56 19 23
56 21 92
56 24 17
56 26 92
56 27 58
56 28 86
56 29 63
56 30 86
56 31 22
56 33 28
56 34 24
56 36 97
56 39 6
56 40 60
56 42 28
56 43 54
56 44 17
56 45 59
56 46 93
56 47 20
56 51 54
56 55 93
56 57 50
56 59 40
56 60 87
56 62 46
56 63 4
56 64 52
56 66 86
56 67 87
56 68 31
56 71 7
56 74 72
56 76 15
56 77 66
56 83 6
56 87 81
56 90 92
56 92 99
56 96 31
56 98 90
56 99 23
57 1 4
57 2 92
57 5 35
57 6 34
57 7 17
57 8 23
57 9 70
57 11 17
57 13 72
57 14 80
57 17 68
57 18 99
57 19 96
57 21 22
57 26 65
57 28 30
57 29 92
57 31 21
57 32 97
57 35 65
57 37 68
57 38 93
57 39 50
57 42 98
57 44 21
57 46 73
57 48 10
57 50 74
57 51 54
57 53 95
57 58 72
57 59 66
57 60 92
57 67 10
57 68 81
57 69 87
57 70 5
57 71 55
57 74 74
57 76 1
57 79 16
57 83 54
57 86 79
57 87 97
57 89 89
57 90 24
57 91 70
57 93 56
57 94 7
57 98 83
58 2 53
58 9 77
58 10 21
58 11 4
58 13 91
58 14 50
58 16 36
58 17 17
58 19 37
58 21 39
58 24 86
58 25 58
58 28 64
58 30 6
58 31 93
58 35 84
58 37 54
58 38 55
58 40 39
58 42 98
58 43 65
58 44 11
58 45 45
58 46 46
58 48 55
58 51 50
58 52 15
58 53 72
58 54 18
58 57 62
58 59 64
58 60 57
58 62 76
58 63 82
58 64 90
58 66 50
58 67 31
58 68 8
58 72 25
58 73 34
58 76 2
58 77 2
58 78 25
58 83 86
58 84 94
58 85 33
58 86 67
58 87 36
58 88 47
58 93 92
58 95 17
58 96 6
58 98 80
59 0 32
59 2 99
59 3 54
59 4 66
59 5 85
59 7 83
59 8 90
59 11 19
59 16 11
59 19 31
59 21 51
59 23 69
59 24 74
59 26 41
59 27 75
59 30 72
59 31 93
59 34 60
59 36 57
59 37 30
59 39 26
59 44 80
59 46 69
59 51 29
59 52 89
59 53 30
59 54 80
59 55 90
59 57 40
59 60 93
59 61 20
59 62 62
59 63 29
59 66 49
59 69 46
59 70 42
59 71 31
59 72 92
59 74 75
59 75 41
59 77 38
59 79 51
59 83 12
59 87 15
59 89 47
59 90 67
59 91 29
59 94 10
59 97 68
59 99 7
60 1 23
60 2 6
60 3 12
60 5 24
60 10 82
60 12 65
60 16 18
60 17 70
60 22 81
60 23 51
60 25 53
60 26 82
60 27 23
60 28 3
60 34 49
60 36 40
60 37 26
60 39 2
60 40 23
60 41 24
60 43 29
60 44 20
60 48 35
60 49 77
60 50 99
60 52 84
60 55 44
60 56 46
60 58 45
60 62 85
60 63 4
60 65 96
60 66 10
60 68 58
60 70 85
60 73 76
60 74 4
60 76 79
60 79 57
60 80 19
60 82 65
60 83 59
60 84 18
60 85 22
60 86 99
60 91 43
60 93 20
60 94 85
60 95 32
60 96 83
60 98 34
61 2 2
61 7 79
61 8 31
61 9 31
61 11 17
61 12 60
61 13 31
61 14 71
61 19 88
61 23 73
61 25 56
61 30 30
61 31 22
61 33 90
61 34 59
61 35 39
61 36 94
61 37 61
61 40 17
61 42 10
61 43 94
61 49 35
61 51 90
61 56 57
61 57 81
61 59 7
61 60 46
61 62 46
61 63 5
61 64 41
61 65 24
61 67 33
61 68 78
61 71 44
61 73 63
61 75 28
61 77 9
61 80 14
61 81 75
61 82 6
61 83 46
61 85 84
61 86 22
61 87 60
61 88 63
61 90 41
61 91 73
61 95 96
61 97 89
61 98 72
61 99 88
62 2 99
62 3 23
62 4 69
62 5 40
62 7 43
62 9 80
62 10 99
62 12 97
62 13 68
62 18 46
62 19 7
62 21 97
62 24 29
62 26 6
62 29 57
62 34 83
62 36 40
62 38 26
62 39 45
62 41 22
62 42 83
62 43 60
62 46 99
62 48 44
62 49 93
62 50 86
62 54 69
62 56 90
62 57 61
62 58 17
62 59 41
62 60 85
62 63 55
62 64 85
62 65 52
62 67 56
62 68 80
62 69 58
62 70 22
62 74 80
62 83 45
62 84 74
62 86 14
62 87 34
62 88 40
62 90 22
62 91 63
62 92 2
62 93 24
62 95 46
62 96 65
62 97 43
62 99 75
63 0 55
63 2 86
63 6 8
63 8 56
63 13 54
63 20 43
63 21 25
63 23 77
63 27 83
63 30 38
63 31 62
63 32 26
63 34 87
63 36 81
63 40 48
63 41 58
63 42 51
63 46 84
63 49 82
63 50 3
63 51 47
63 52 6
63 53 40
63 54 81
63 55 83
63 56 74
63 57 53
63 58 5
63 59 56
63 66 91
63 67 77
63 68 26
63 70 37
63 71 70
63 75 96
63 76 17
63 79 44
63 80 28
63 84 58
63 86 92
63 87 14
63 88 17
63 89 6
63 91 25
63 92 78
63 93 28
63 95 93
64 3 38
64 6 36
64 10 18
64 11 69
64 12 98
64 15 96
64 17 66
64 19 34
64 21 81
64 24 28
64 26 98
64 28 6
64 30 9
64 31 72
64 38 14
64 39 61
64 48 35
64 50 47
64 52 38
64 53 95
64 54 72
64 55 5
64 56 83
64 59 79
64 60 97
64 61 40
64 65 56
64 66 57
64 67 56
64 68 80
64 71 79
64 74 86
64 76 13
64 77 73
64 80 67
64 81 63
64 83 4
64 85 36
64 86 95
64 87 10
64 90 72
64 91 42
64 94 10
64 95 9
65 2 15
65 4 23
65 7 6
65 9 62
65 10 17
65 11 30
65 14 16
65 15 50
65 23 95
65 24 37
65 25 4
65 26 54
65 28 31
65 29 71
65 32 98
65 33 49
65 37 11
65 39 2
65 40 83
65 44 76
65 48 75
65 49 70
65 50 46
65 53 90
65 54 53
65 56 46
65 57 40
65 59 74
65 61 71
65 62 23
65 68 35
65 70 97
65 71 65
65 73 43
65 74 90
65 76 16
65 77 17
65 78 44
65 79 25
65 80 99
65 84 57
65 85 20
65 88 87
65 95 77
65 96 34
65 99 86
66 1 6
66 2 32
66 3 33
66 4 75
66 5 20
66 6 82
66 7 70
66 9 51
66 13 13
66 14 95
66 15 93
66 17 12
66 22 6
66 24 20
66 25 27
66 27 91
66 29 71
66 30 55
66 31 80
66 36 67
66 39 76
66 44 22
66 47 96
66 48 54
66 49 52
66 50 57
66 52 55
66 54 2
66 56 32
66 57 1
66 58 38
66 59 46
66 61 68
66 64 74
66 67 74
66 69 84
66 70 35
66 74 35
66 75 4
66 78 74
66 79 73
66 81 60
66 82 9
66 83 61
66 84 72
66 86 16
66 87 97
66 94 28
66 95 17
66 97 74
66 99 49
67 0 7
67 2 49
67 3 73
67 5 96
67 6 89
67 8 62
67 9 76
67 10 53
67 12 35
67 13 9
67 14 45
67 17 9
67 18 56
67 21 79
67 23 44
67 24 63
67 29 28
67 30 14
67 31 92
67 32 15
67 33 12
67 35 54
67 36 61
67 39 27
67 40 6
67 42 94
67 43 24
67 44 62
67 45 50
67 46 78
67 47 76
67 49 2
67 50 77
67 51 22
67 53 15
67 55 40
67 57 64
67 59 26
67 62 33
67 64 67
67 66 54
67 68 78
67 70 79
67 72 20
67 76 68
67 77 46
67 78 25
67 79 88
67 80 89
67 82 23
67 83 96
67 87 51
67 90 54
67 91 92
67 92 55
67 93 84
67 95 69
67 96 1
67 99 32
68 1 82
68 5 64
68 8 7
68 10 79
68 11 14
68 12 21
68 14 76
68 16 79
68 17 40
68 18 68
68 20 61
68 21 22
68 22 98
68 23 75
68 25 98
68 26 59
68 27 44
68 28 64
68 29 2
68 31 70
68 33 36
68 35 87
68 37 4
68 38 84
68 39 69
68 40 23
68 45 91
68 46 6
68 48 81
68 50 58
68 51 69
68 53 69
68 54 32
68 56 8
68 57 46
68 58 17
68 61 2
68 62 18
68 63 73
68 69 97
68 70 64
68 71 60
68 72 29
68 73 62
68 75 8
68 76 92
68 78 14
68 79 9
68 80 59
68 81 78
68 83 29
68 84 14
68 85 31
68 87 41
68 88 13
68 90 90
68 91 20
68 92 33
68 93 54
68 95 11
68 96 61
68 97 21
69 0 81
69 4 14
69 5 89
69 6 99
69 7 63
69 8 55
69 10 85
69 15 94
69 16 13
69 17 66
69 18 34
69 20 94
69 22 60
69 23 10
69 24 49
69 27 28
69 28 7
69 29 71
69 30 10
69 32 92
69 34 64
69 35 42
69 36 71
69 39 55
69 40 5
69 41 98
69 43 57
69 46 96
69 47 97
69 48 21
69 50 10
69 51 6
69 55 35
69 58 33
69 62 61
69 64 74
69 67 97
69 68 85
69 70 40
69 71 34
69 76 98
69 77 88
69 78 34
69 79 68
69 80 28
69 82 17
69 84 40
69 85 35
69 86 19
69 87 6
69 90 10
69 91 49
69 93 22
69 94 48
69 95 54
69 96 55
69 98 92
69 99 80
70 1 52
70 2 5
70 4 86
70 5 77
70 7 41
70 8 71
70 9 83
70 10 77
70 12 57
70 13 94
70 14 4
70 17 42
70 18 17
70 19 62
70 20 48
70 22 41
70 23 18
70 24 20
70 25 69
70 26 99
70 27 54
70 28 80
70 29 33
70 30 62
70 33 25
70 34 43
70 35 71
70 36 8
70 37 93
70 41 68
70 43 93
70 45 4
70 46 8
70 47 7
70 49 86
70 50 7
70 52 55
70 55 60
70 57 82
70 58 41
70 62 91
70 65 53
70 68 67
70 69 35
70 78 23
70 79 69
70 80 83
70 81 17
70 83 63
70 84 74
70 86 50
70 87 29
70 89 8
70 98 99
70 99 57
71 1 9
71 3 43
71 4 34
71 8 85
71 9 12
71 11 13
71 12 59
71 13 53
71 14 3
71 15 55
71 19 18
71 20 72
71 22 29
71 24 81
71 25 12
71 26 43
71 27 15
71 29 47
71 30 60
71 32 30
71 33 34
71 34 62
71 35 1
71 39 94
71 41 5
71 42 92
71 44 85
71 45 84
71 46 77
71 48 29
71 57 84
71 58 50
71 59 43
71 61 68
71 62 59
71 63 66
71 66 98
71 68 6
71 73 2
71 78 37
71 82 81
71 84 6
71 89 89
71 90 71
71 91 24
71 92 61
71 93 16
71 95 15
71 96 52
71 97 96
71 98 22
72 2 21
72 4 12
72 5 36
72 7 2
72 8 19
72 9 6
72 10 99
72 11 79
72 12 56
72 14 87
72 15 93
72 18 55
72 20 36
72 24 66
72 26 63
72 28 36
72 29 91
72 30 84
72 31 14
72 32 39
72 35 65
72 36 23
72 38 36
72 40 57
72 41 99
72 42 75
72 44 31
72 45 58
72 46 28
72 47 77
72 49 82
72 51 11
72 52 29
72 55 58
72 63 50
72 64 24
72 65 40
72 66 35
72 69 36
72 74 11
72 75 92
72 76 58
72 77 55
72 83 93
72 84 68
72 87 38
72 88 35
72 90 90
72 93 31
72 95 61
72 97 10
72 98 87
73 0 47
73 1 3
73 4 22
73 6 31
73 8 1
73 10 71
73 12 3
73 14 7
73 15 52
73 16 99
73 21 69
73 26 23
73 28 16
73 30 45
73 31 38
73 32 60
73 34 73
73 36 74
73 37 9
73 38 24
73 42 46
73 43 14
73 44 90
73 45 87
73 47 26
73 49 64
73 51 51
73 52 31
73 55 61
73 57 46
73 58 14
73 59 2
73 62 93
73 63 63
73 69 66
73 70 21
73 77 86
73 79 2
73 80 25
73 82 14
73 83 28
73 84 86
73 85 62
73 87 66
73 88 7
73 90 22
73 91 53
73 96 30
73 97 11
73 98 68
74 0 88
74 2 23
74 3 31
74 4 59
74 6 92
74 12 95
74 13 22
74 14 94
74 15 53
74 18 18
74 25 68
74 29 63
74 32 4
74 33 11
74 34 35
74 35 47
74 41 57
74 44 72
74 45 66
74 47 60
74 50 3
74 51 9
74 53 38
74 59 8
74 60 34
74 61 74
74 62 98
74 63 17
74 65 12
74 68 37
74 69 83
74 70 64
74 71 58
74 72 9
74 73 39
74 78 78
74 79 8
74 81 64
74 84 67
74 85 65
74 87 20
74 92 27
74 93 81
74 96 97
74 97 44
74 98 95
75 1 65
75 5 48
75 6 88
75 8 15
75 11 1
75 12 94
75 13 3
75 14 50
75 17 60
75 18 87
75 19 5
75 20 36
75 21 96
75 23 33
75 25 45
75 26 63
75 28 51
75 29 20
75 30 20
75 31 79
75 32 74
75 34 8
75 35 5
75 36 96
75 37 14
75 38 65
75 40 2
75 41 88
75 42 61
75 44 89
75 48 91
75 50 11
75 52 63
75 54 16
75 56 29
75 57 72
75 58 36
75 61 8
75 62 21
75 63 47
75 64 65
75 66 87
75 67 53
75 69 12
75 70 22
75 71 20
75 72 84
75 77 55
75 81 41
75 85 85
75 87 25
75 88 74
75 89 78
75 90 4
75 93 6
75 99 13
76 1 67
76 4 31
76 6 17
76 7 99
76 8 76
76 9 96
76 17 90
76 20 46
76 24 94
76 25 55
76 26 43
76 34 8
76 35 6
76 37 25
76 41 55
76 42 76
76 43 59
76 46 70
76 47 28
76 48 62
76 51 68
76 52 99
76 53 87
76 54 63
76 56 36
76 57 87
76 59 45
76 60 80
76 61 42
76 62 62
76 65 64
76 66 84
76 67 40
76 69 95
76 72 29
76 79 47
76 81 92
76 82 30
76 83 28
76 84 74
76 91 74
76 92 90
76 93 26
76 94 87
76 98 76
76 99 75
77 1 90
77 3 16
77 4 28
77 5 18
77 6 28
77 7 45
77 8 11
77 9 80
77 10 26
77 15 17
77 16 15
77 17 10
77 18 72
77 19 91
77 20 31
77 23 2
77 25 61
77 28 2
77 33 18
77 35 89
77 36 36
77 37 59
77 39 60
77 40 18
77 45 7
77 46 29
77 50 59
77 52 26
77 54 35
77 59 68
77 62 20
77 63 14
77 64 27
77 65 21
77 67 9
77 68 37
77 69 45
77 70 2
77 71 51
77 72 37
77 73 91
77 76 94
77 78 37
77 79 82
77 80 44
77 81 30
77 82 37
77 84 24
77 86 25
77 88 62
77 89 75
77 92 35
77 93 60
77 96 95
77 97 85
77 99 1
78 1 15
78 3 45
78 4 12
78 7 61
78 8 74
78 9 56
78 10 56
78 12 30
78 14 63
78 16 18
78 18 52
78 19 67
78 20 95
78 22 39
78 24 13
78 26 50
78 32 20
78 34 86
78 38 99
78 42 9
78 43 38
78 44 46
78 45 65
78 50 26
78 51 86
78 52 38
78 53 34
78 54 70
78 56 54
78 57 14
78 58 4
78 61 14
78 62 29
78 63 40
78 64 62
78 65 20
78 67 86
78 68 66
78 71 42
78 73 75
78 74 14
78 77 66
78 81 59
78 83 96
78 84 72
78 88 66
78 91 95
78 92 63
78 93 67
78 94 88
78 97 65
78 99 33
79 2 8
79 3 40
79 4 96
79 7 84
79 8 88
79 11 27
79 12 37
79 13 37
79 16 17
79 17 29
79 18 9
79 19 4
79 20 37
79 24 83
79 26 60
79 27 68
79 34 56
79 35 4
79 37 51
79 40 35
79 42 80
79 43 5
79 45 55
79 46 84
79 47 44
79 48 53
79 49 18
79 51 80
79 54 2
79 55 45
79 62 32
79 63 60
79 66 18
79 70 46
79 72 58
79 73 11
79 74 88
79 75 42
79 85 72
79 87 74
79 89 97
79 90 81
79 91 39
79 95 43
79 97 86
80 1 22
80 2 26
80 3 94
80 4 33
80 7 60
80 8 8
80 9 40
80 10 57
80 11 96
80 12 26
80 14 31
80 15 77
80 16 89
80 17 38
80 19 14
80 22 51
80 23 79
80 24 96
80 25 23
80 26 47
80 27 71
80 29 4
80 31 35
80 32 27
80 37 67
80 39 48
80 43 83
80 44 99
80 45 50
80 47 87
80 48 55
80 49 90
80 51 68
80 52 38
80 53 29
80 54 40
80 56 4
80 57 45
80 58 27
80 64 41
80 66 4
80 70 23
80 72 17
80 73 55
80 74 11
80 75 45
80 77 80
80 78 93
80 81 72
80 85 74
80 86 31
80 89 69
80 90 41
80 92 59
80 93 44
80 94 31
80 96 14
80 97 40
81 0 7
81 2 91
81 4 53
81 6 68
81 7 1
81 8 42
81 12 19
81 14 19
81 16 69
81 17 55
81 26 99
81 27 14
81 30 17
81 34 60
81 37 14
81 39 23
81 40 99
81 41 5
81 44 59
81 46 4
81 47 99
81 48 51
81 50 76
81 51 86
81 54 36
81 55 45
81 57 72
81 58 94
81 62 66
81 63 52
81 67 32
81 69 12
81 70 75
81 71 22
81 73 11
81 74 98
81 75 46
81 77 18
81 79 65
81 84 5
81 85 23
81 87 71
81 88 12
81 89 16
81 92 91
81 94 48
81 95 13
81 96 43
81 97 35
82 0 80
82 2 88
82 4 66
82 6 97
82 7 14
82 8 37
82 9 91
82 12 58
82 14 20
82 15 63
82 17 61
82 18 63
82 21 16
82 22 71
82 25 42
82 26 76
82 27 85
82 29 45
82 33 48
82 35 58
82 36 90
82 38 88
82 40 99
82 41 66
82 42 6
82 44 75
82 48 31
82 50 63
82 51 12
82 54 31
82 55 34
82 57 69
82 58 51
82 59 88
82 61 97
82 63 83
82 66 83
82 69 35
82 71 42
82 73 99
82 74 85
82 79 65
82 83 47
82 84 58
82 87 62
82 88 11
82 89 4
82 92 95
82 94 25
82 95 67
82 98 30
82 99 48
83 0 83
83 2 48
83 3 54
83 4 33
83 5 9
83 6 22
83 7 13
83 9 41
83 10 2
83 12 92
83 13 9
83 14 93
83 18 72
83 22 99
83 23 23
83 26 47
83 28 83
83 31 20
83 33 68
83 39 36
83 40 44
83 43 54
83 44 13
83 46 78
83 49 34
83 51 70
83 52 25
83 54 76
83 57 78
83 61 98
83 62 83
83 63 6
83 64 94
83 65 29
83 66 16
83 67 30
83 68 37
83 69 29
83 73 3
83 74 23
83 75 7
83 76 4
83 80 56
83 82 43
83 84 40
83 86 41
83 87 76
83 89 51
83 93 29
83 95 64
83 96 3
83 97 34
83 99 83
84 7 88
84 8 62
84 11 91
84 12 94
84 13 30
84 14 21
84 15 31
84 17 7
84 20 37
84 22 4
84 23 7
84 24 38
84 25 87
84 29 19
84 31 93
84 32 73
84 33 66
84 35 44
84 37 47
84 38 39
84 39 85
84 43 13
84 45 35
84 50 51
84 52 14
84 54 76
84 55 46
84 56 75
84 58 42
84 60 48
84 61 23
84 63 74
84 64 50
84 66 71
84 68 16
84 70 75
84 71 47
84 74 59
84 77 92
84 79 44
84 80 98
84 82 13
84 85 27
84 86 23
84 87 53
84 90 32
84 92 3
84 95 10
84 97 65
84 98 42
84 99 51
85 0 98
85 3 64
85 7 90
85 9 52
85 10 74
85 11 85
85 13 85
85 14 26
85 15 79
85 19 85
85 20 75
85 21 74
85 22 80
85 24 17
85 26 66
85 27 32
85 30 16
85 31 39
85 34 55
85 35 55
85 36 52
85 38 86
85 39 38
85 41 68
85 42 18
85 45 87
85 47 94
85 52 26
85 53 40
85 54 73
85 55 42
85 56 76
85 58 25
85 60 15
85 61 29
85 62 65
85 63 2
85 66 38
85 68 83
85 69 18
85 70 6
85 71 39
85 72 74
85 74 8
85 77 35
85 79 75
85 80 43
85 81 27
85 83 88
85 86 60
85 87 66
85 91 74
85 92 10
85 94 8
85 95 53
85 96 75
85 97 8
85 98 82
86 0 4
86 2 76
86 3 28
86 4 79
86 5 44
86 6 83
86 10 56
86 11 55
86 13 5
86 14 27
86 17 45
86 18 96
86 19 52
86 23 64
86 28 56
86 29 48
86 31 68
86 32 10
86 34 92
86 37 69
86 38 10
86 40 45
86 41 88
86 45 36
86 47 70
86 49 65
86 51 77
86 52 29
86 54 89
86 55 31
86 57 32
86 59 93
86 61 41
86 66 93
86 67 19
86 70 77
86 73 34
86 74 88
86 75 66
86 78 37
86 81 27
86 85 13
86 87 32
86 88 50
86 90 22
86 95 24
86 96 35
86 98 73
87 0 11
87 1 25
87 2 4
87 4 42
87 5 58
87 6 32
87 7 81
87 8 81
87 11 6
87 12 79
87 15 6
87 16 38
87 17 96
87 18 83
87 20 73
87 21 17
87 23 32
87 27 18
87 28 51
87 29 77
87 31 3
87 32 52
87 33 21
87 38 37
87 41 30
87 46 81
87 49 5
87 50 18
87 51 73
87 54 23
87 55 22
87 59 34
87 60 34
87 61 38
87 62 65
87 63 40
87 66 36
87 69 37
87 70 81
87 71 38
87 72 89
87 76 8
87 77 9
87 79 97
87 81 96
87 83 41
87 84 96
87 86 90
87 88 48
87 91 55
87 93 12
87 96 18
88 0 31
88 4 15
88 5 61
88 6 70
88 12 43
88 13 81
88 16 79
88 17 81
88 22 58
88 24 8
88 32 7
88 36 66
88 37 14
88 41 50
88 43 97
88 44 8
88 45 15
88 47 25
88 49 37
88 54 99
88 55 54
88 58 13
88 62 91
88 63 66
88 64 95
88 66 91
88 69 80
88 76 76
88 78 25
88 81 79
88 82 32
88 83 97
88 84 3
88 85 85
88 86 23
88 87 94
88 89 48
88 90 41
88 91 81
88 95 28
88 98 67
88 99 33
89 1 72
89 5 26
89 6 55
89 7 72
89 11 10
89 13 47
89 14 4
89 16 32
89 17 14
89 22 27
89 27 46
89 30 44
89 34 61
89 36 70
89 39 88
89 40 22
89 42 84
89 44 26
89 50 35
89 56 62
89 59 69
89 60 82
89 61 42
89 62 59
89 65 18
89 66 55
89 67 73
89 70 57
89 71 89
89 72 55
89 74 66
89 76 79
89 77 55
89 78 16
89 79 23
89 81 95
89 83 86
89 84 81
89 94 67
89 95 71
89 96 98
89 97 37
89 98 60
90 0 7
90 3 88
90 5 5
90 7 14
90 8 13
90 10 68
90 17 99
90 20 71
90 21 44
90 23 16
90 24 62
90 25 66
90 26 6
90 28 31
90 32 22
90 34 40
90 35 79
90 38 98
90 39 96
90 41 38
90 43 73
90 49 4
90 50 54
90 54 39
90 57 4
90 58 43
90 59 10
90 61 46
90 63 31
90 64 37
90 66 14
90 67 36
90 70 67
90 71 28
90 72 18
90 73 75
90 76 19
90 78 17
90 79 61
90 83 55
90 84 88
90 87 12
90 91 57
90 92 59
90 93 26
90 95 79
90 98 15
90 99 43
91 0 96
91 3 61
91 4 33
91 6 28
91 8 80
91 9 43
91 11 70
91 13 2
91 16 57
91 18 71
91 22 28
91 24 30
91 27 72
91 31 61
91 32 6
91 33 39
91 35 65
91 38 45
91 41 48
91 42 72
91 43 61
91 44 60
91 45 16
91 46 40
91 48 37
91 49 49
91 50 26
91 52 79
91 54 15
91 55 23
91 56 24
91 58 76
91 65 9
91 67 82
91 69 76
91 70 77
91 72 80
91 75 45
91 79 43
91 82 84
91 83 87
91 85 52
91 87 83
91 88 15
91 89 84
91 93 61
91 98 95
92 2 62
92 3 55
92 4 31
92 5 58
92 6 35
92 7 77
92 8 93
92 10 26
92 11 9
92 13 56
92 17 40
92 18 67
92 19 24
92 20 43
92 23 58
92 25 5
92 26 72
92 27 43
92 28 38
92 30 75
92 32 85
92 33 9
92 38 55
92 49 14
92 50 91
92 51 4
92 52 41
92 55 59
92 56 69
92 59 41
92 60 64
92 63 39
92 64 71
92 66 35
92 67 65
92 70 8
92 71 89
92 72 69
92 73 28
92 76 57
92 78 65
92 80 39
92 82 41
92 84 84
92 85 27
92 91 78
92 93 41
92 94 49
92 99 20
93 0 68
93 3 20
93 4 18
93 7 63
93 8 88
93 11 2
93 12 39
93 13 21
93 14 39
93 15 39
93 16 2
93 18 95
93 19 34
93 21 79
93 25 75
93 27 37
93 30 50
93 31 98
93 33 80
93 34 30
93 38 61
93 40 10
93 41 97
93 42 53
93 45 84
93 49 29
93 51 47
93 53 90
93 54 53
93 55 70
93 57 30
93 60 64
93 64 88
93 65 62
93 66 20
93 67 19
93 68 35
93 69 33
93 70 13
93 71 57
93 72 49
93 75 54
93 76 55
93 77 86
93 78 53
93 79 18
93 80 41
93 83 49
93 84 90
93 85 53
93 86 50
93 87 52
93 88 38
93 90 16
93 91 21
93 92 83
93 94 99
93 99 18
94 0 50
94 5 47
94 6 20
94 7 96
94 9 48
94 12 43
94 17 41
94 19 55
94 20 35
94 21 71
94 22 26
94 24 16
94 26 42
94 27 74
94 28 54
94 30 74
94 31 62
94 34 43
94 36 29
94 37 28
94 39 29
94 40 74
94 41 80
94 45 84
94 46 55
94 49 44
94 50 15
94 51 61
94 52 21
94 55 85
94 57 31
94 58 49
94 59 38
94 63 7
94 65 86
94 66 93
94 70 10
94 71 81
94 72 26
94 73 89
94 74 47
94 75 71
94 76 14
94 78 61
94 82 55
94 83 63
94 84 79
94 85 47
94 86 57
94 87 26
94 88 33
94 89 1
94 90 60
94 91 93
94 92 62
94 93 35
94 95 91
94 96 56
94 97 48
95 1 71
95 3 14
95 5 27
95 6 2
95 7 7
95 8 50
95 9 44
95 10 85
95 11 23
95 13 29
95 14 10
95 16 93
95 17 7
95 19 61
95 20 69
95 23 23
95 27 61
95 28 47
95 29 68
95 30 74
95 32 83
95 33 59
95 36 79
95 41 9
95 43 99
95 45 90
95 46 81
95 48 97
95 51 59
95 52 27
95 58 68
95 60 22
95 63 27
95 67 46
95 69 63
95 70 16
95 72 31
95 74 53
95 78 9
95 79 69
95 81 16
95 82 2
95 84 37
95 85 91
95 86 52
95 87 31
95 90 16
95 92 29
95 93 74
95 94 50
95 96 53
95 99 65
96 3 65
96 4 38
96 7 31
96 8 29
96 9 20
96 10 38
96 12 82
96 15 14
96 17 52
96 18 63
96 19 33
96 20 17
96 21 63
96 22 97
96 23 49
96 25 78
96 27 75
96 28 44
96 30 10
96 31 27
96 33 69
96 34 4
96 35 81
96 38 18
96 39 15
96 41 25
96 43 30
96 45 1
96 46 41
96 47 98
96 48 62
96 49 56
96 50 44
96 54 8
96 55 42
96 57 82
96 58 46
96 59 23
96 60 83
96 62 1
96 63 25
96 65 86
96 66 72
96 67 56
96 68 97
96 74 54
96 76 14
96 79 31
96 85 66
96 87 87
96 89 84
96 90 36
96 92 99
96 93 87
96 95 12
96 97 74
96 98 24
96 99 80
97 0 92
97 1 2
97 5 11
97 7 32
97 13 9
97 14 91
97 16 87
97 18 48
97 24 64
97 25 41
97 26 23
97 31 16
97 32 58
97 33 22
97 36 16
97 38 53
97 39 48
97 40 43
97 41 54
97 44 35
97 45 38
97 47 28
97 48 71
97 50 30
97 53 4
97 54 71
97 55 29
97 57 83
97 58 61
97 60 97
97 62 52
97 64 17
97 65 50
97 67 75
97 71 47
97 72 4
97 74 11
97 75 14
97 76 24
97 77 20
97 78 46
97 80 71
97 81 47
97 83 4
97 84 29
97 85 8
97 86 60
97 88 50
97 91 24
97 92 85
97 93 17
97 94 75
97 96 25
97 98 26
97 99 23
98 8 14
98 11 75
98 12 28
98 15 53
98 17 12
98 19 87
98 24 26
98 27 43
98 30 52
98 32 55
98 34 50
98 36 44
98 38 88
98 39 1
98 40 50
98 42 18
98 44 31
98 45 45
98 50 53
98 52 35
98 55 66
98 56 57
98 57 79
98 58 26
98 60 28
98 61 94
98 62 40
98 63 63
98 64 18
98 66 9
98 67 16
98 68 5
98 69 83
98 70 53
98 71 1
98 72 98
98 74 71
98 78 88
98 80 32
98 81 74
98 82 9
98 84 94
98 86 45
98 88 72
98 89 4
98 90 68
98 91 68
98 92 74
98 93 79
98 94 71
98 96 41
98 97 27
98 99 17
99 0 59
99 2 3
99 3 78
99 4 10
99 5 58
99 6 85
99 8 73
99 9 8
99 10 25
99 11 83
99 12 6
99 14 30
99 15 58
99 16 54
99 21 51
99 22 36
99 23 10
99 25 47
99 26 17
99 27 62
99 28 65
99 29 51
99 32 35
99 33 48
99 36 71
99 37 10
99 38 33
99 39 6
99 40 54
99 41 80
99 42 70
99 43 58
99 47 69
99 49 82
99 53 89
99 54 90
99 55 26
99 57 53
99 58 79
99 59 13
99 62 89
99 65 87
99 66 39
99 67 70
99 69 50
99 72 25
99 79 22
99 80 54
99 83 53
99 84 63
99 87 83
99 88 90
99 89 61
99 90 53
99 91 36
99 92 13
99 94 4
99 96 79
99 98 24
