0 1 17
0 2 36
0 3 90
0 4 88
0 6 88
0 8 86
0 10 28
0 12 95
0 13 49
0 14 43
0 17 65
0 19 58
0 20 7
0 24 97
0 27 4
0 28 80
0 30 53
0 32 39
0 35 29
0 36 83
0 37 79
0 38 34
0 39 43
0 40 23
0 41 8
0 42 37
0 43 69
0 45 21
0 46 94
0 48 80
0 49 74
1 0 21
1 3 62
1 4 82
1 5 45
1 10 36
1 13 51
1 14 24
1 15 71
1 20 52
1 23 59
1 24 83
1 25 53
1 29 37
1 30 65
1 31 55
1 32 18
1 33 6
1 34 28
1 38 75
1 39 60
1 41 58
1 42 71
1 43 76
1 49 51
2 1 77
2 5 84
2 6 76
2 7 88
2 8 90
2 13 96
2 20 2
2 22 55
2 23 46
2 25 33
2 26 67
2 27 23
2 31 28
2 34 44
2 38 91
2 39 64
2 40 46
2 41 74
2 44 22
2 48 60
2 49 94
3 1 32
3 6 41
3 7 83
3 12 23
3 13 78
3 15 22
3 16 55
3 19 74
3 20 76
3 24 34
3 28 35
3 31 90
3 33 39
3 36 99
3 38 47
3 41 31
3 42 35
3 43 66
3 44 5
3 45 14
4 0 83
4 1 51
4 2 28
4 3 58
4 6 20
4 7 25
4 10 48
4 14 19
4 15 97
4 16 55
4 18 18
4 19 75
4 20 82
4 23 72
4 27 78
4 32 24
4 33 57
4 35 26
4 36 50
4 37 79
4 38 59
4 39 37
4 44 75
4 46 50
4 49 82
5 1 58
5 3 23
5 4 71
5 6 15
5 7 21
5 12 8
5 14 7
5 16 52
5 18 87
5 19 99
5 21 71
5 22 34
5 23 42
5 25 71
5 29 51
5 32 8
5 33 46
5 34 99
5 35 85
5 39 4
5 40 6
5 41 75
5 43 38
5 44 47
5 45 43
5 47 77
5 49 17
6 1 35
6 3 91
6 7 27
6 8 16
6 9 6
6 14 18
6 16 52
6 19 72
6 26 24
6 27 64
6 34 85
6 36 86
6 37 48
6 39 53
6 42 7
6 43 77
6 44 43
6 46 77
6 49 38
7 2 28
7 4 7
7 5 6
7 6 22
7 9 6
7 10 89
7 18 44
7 25 59
7 29 19
7 32 90
7 33 68
7 34 90
7 38 5
7 40 93
7 41 77
7 45 19
7 46 16
8 0 9
8 1 72
8 3 14
8 4 31
8 10 13
8 11 20
8 12 22
8 14 93
8 16 87
8 17 43
8 18 38
8 19 70
8 23 21
8 24 7
8 27 54
8 28 88
8 32 3
8 37 10
8 38 62
8 39 46
8 41 9
8 42 1
8 43 71
8 45 58
8 46 44
9 0 60
9 2 85
9 4 35
9 5 43
9 7 20
9 8 31
9 10 99
9 15 38
9 16 56
9 18 92
9 20 32
9 21 91
9 22 10
9 24 44
9 25 18
9 26 12
9 27 24
9 28 6
9 31 43
9 33 81
9 35 33
9 38 99
9 43 63
9 45 56
10 3 48
10 4 21
10 5 34
10 6 38
10 7 81
10 9 68
10 11 67
10 13 66
10 14 60
10 15 54
10 17 52
10 25 80
10 26 61
10 29 15
10 30 64
10 31 57
10 32 27
10 34 50
10 38 85
10 39 14
10 41 45
10 43 7
10 45 28
10 46 21
10 49 36
11 0 21
11 1 34
11 2 59
11 3 92
11 5 75
11 6 44
11 8 45
11 13 18
11 14 75
11 18 54
11 20 61
11 21 24
11 22 93
11 24 78
11 26 97
11 27 59
11 28 26
11 34 63
11 35 50
11 37 75
11 39 68
11 42 69
11 47 50
11 48 68
12 1 22
12 2 92
12 3 74
12 6 61
12 7 14
12 11 31
12 18 34
12 19 23
12 20 66
12 21 88
12 23 93
12 24 84
12 25 27
12 30 93
12 32 45
12 35 89
12 36 92
12 40 25
12 42 21
12 48 57
13 0 54
13 1 60
13 7 2
13 8 89
13 9 79
13 11 44
13 12 28
13 14 47
13 15 7
13 17 56
13 18 90
13 19 23
13 23 89
13 29 26
13 31 70
13 33 87
13 35 78
13 38 41
13 40 25
13 42 99
13 43 52
13 44 36
13 45 63
13 47 88
13 48 13
13 49 53
14 1 45
14 4 39
14 5 51
14 6 77
14 8 80
14 10 55
14 13 7
14 15 96
14 16 15
14 19 79
14 20 26
14 23 42
14 25 12
14 28 45
14 29 62
14 30 92
14 31 77
14 34 8
14 35 55
14 36 21
14 37 92
14 41 54
14 42 58
14 46 45
14 49 27
15 0 33
15 1 42
15 5 54
15 6 19
15 7 40
15 8 11
15 10 77
15 12 78
15 16 18
15 17 37
15 22 31
15 23 12
15 25 87
15 27 91
15 28 88
15 29 89
15 32 64
15 34 34
15 35 19
15 36 59
15 38 93
15 40 36
15 41 50
15 44 32
15 45 85
15 46 81
15 47 50
15 48 27
15 49 38
16 2 34
16 17 24
16 20 12
16 22 87
16 23 55
16 24 95
16 25 18
16 26 48
16 30 95
16 32 98
16 37 75
16 38 66
16 40 63
16 41 39
16 42 9
16 43 18
16 44 73
16 46 40
16 47 79
16 48 27
17 4 92
17 7 93
17 9 48
17 10 58
17 12 83
17 14 82
17 16 7
17 18 35
17 20 58
17 23 72
17 24 51
17 26 26
17 30 44
17 31 14
17 32 81
17 34 39
17 35 71
17 40 79
17 41 65
17 46 98
17 47 18
17 48 22
17 49 29
18 0 85
18 1 57
18 2 68
18 3 20
18 4 2
18 7 49
18 16 6
18 17 21
18 19 49
18 22 35
18 24 80
18 25 37
18 27 49
18 29 53
18 31 98
18 34 57
18 35 37
18 36 25
18 37 89
18 38 43
18 41 35
18 44 14
18 46 93
18 49 9
19 1 70
19 6 68
19 7 52
19 9 32
19 12 59
19 13 92
19 14 36
19 15 12
19 16 86
19 17 47
19 18 51
19 21 52
19 23 95
19 24 51
19 26 41
19 27 8
19 28 75
19 30 7
19 31 95
19 32 85
19 34 22
19 35 32
19 37 65
19 38 76
19 40 75
19 42 81
19 43 2
19 44 46
19 45 69
19 46 95
19 47 95
19 48 44
19 49 94
20 2 47
20 3 24
20 4 33
20 5 81
20 6 58
20 8 55
20 10 3
20 12 49
20 14 50
20 22 29
20 23 63
20 24 15
20 27 45
20 31 24
20 32 5
20 33 6
20 34 50
20 36 65
20 40 45
20 41 28
20 47 83
20 48 10
20 49 54
21 1 70
21 2 70
21 4 23
21 5 85
21 6 17
21 9 43
21 11 29
21 13 44
21 14 29
21 17 94
21 18 59
21 22 67
21 23 57
21 25 99
21 26 16
21 29 50
21 30 1
21 31 44
21 32 33
21 34 14
21 36 8
21 41 37
21 42 28
21 43 55
21 44 18
21 45 61
21 47 31
21 48 54
22 1 28
22 2 16
22 7 55
22 8 18
22 10 93
22 12 72
22 14 22
22 15 14
22 16 27
22 17 65
22 20 13
22 24 64
22 26 12
22 29 72
22 30 26
22 32 30
22 33 15
22 34 43
22 35 85
22 36 59
22 38 86
22 40 15
22 41 30
22 42 5
22 45 30
22 47 81
22 48 84
23 4 30
23 6 86
23 9 79
23 10 10
23 11 89
23 12 34
23 13 17
23 16 59
23 18 35
23 19 88
23 20 95
23 21 1
23 22 92
23 27 70
23 28 58
23 29 31
23 32 9
23 33 57
23 34 48
23 36 97
23 37 11
23 41 12
23 45 13
23 46 14
23 49 8
24 0 26
24 1 37
24 2 15
24 3 34
24 4 80
24 5 95
24 6 70
24 10 21
24 15 33
24 16 57
24 17 46
24 18 73
24 19 90
24 23 19
24 26 90
24 27 42
24 28 14
24 29 31
24 31 5
24 32 60
24 33 31
24 34 94
24 38 36
24 39 30
24 41 31
24 45 29
24 47 66
24 48 76
24 49 97
25 6 63
25 8 80
25 9 7
25 10 82
25 13 3
25 15 36
25 17 73
25 18 87
25 19 25
25 20 41
25 21 42
25 23 13
25 27 9
25 28 23
25 30 56
25 32 68
25 34 56
25 36 9
25 40 88
25 42 7
25 44 86
25 45 21
25 48 42
26 1 36
26 2 5
26 4 34
26 10 60
26 12 11
26 13 82
26 16 89
26 19 49
26 20 30
26 21 86
26 22 32
26 23 53
26 27 64
26 28 56
26 31 37
26 32 20
26 33 88
26 36 13
26 38 29
26 39 24
26 40 10
26 43 90
26 45 24
26 48 13
27 2 65
27 3 4
27 4 41
27 5 44
27 7 33
27 9 76
27 15 56
27 16 2
27 17 5
27 19 71
27 20 15
27 33 36
27 35 91
27 36 90
27 37 16
27 39 28
27 40 11
27 42 8
27 44 44
27 46 72
27 49 30
28 0 42
28 3 2
28 4 61
28 5 23
28 9 65
28 10 22
28 12 82
28 14 10
28 16 43
28 19 12
28 20 95
28 21 23
28 22 81
28 26 3
28 30 98
28 32 49
28 41 19
28 42 95
28 43 30
28 45 19
28 46 59
28 48 52
29 0 72
29 3 98
29 4 52
29 5 24
29 7 53
29 9 30
29 14 25
29 15 42
29 16 84
29 19 15
29 21 53
29 22 15
29 25 33
29 26 13
29 27 13
29 28 65
29 30 41
29 31 21
29 32 25
29 34 70
29 35 33
29 37 72
29 41 78
29 44 22
29 45 22
29 47 13
29 49 29
30 2 94
30 4 94
30 8 87
30 9 65
30 12 79
30 14 57
30 15 8
30 16 93
30 17 12
30 19 82
30 21 28
30 24 11
30 25 93
30 31 75
30 32 80
30 33 82
30 35 29
30 38 76
30 42 16
30 43 95
30 44 82
30 46 11
30 47 64
30 48 42
30 49 46
31 2 69
31 5 52
31 7 57
31 8 81
31 9 51
31 11 98
31 13 40
31 15 93
31 20 59
31 22 88
31 29 28
31 32 97
31 33 42
31 36 30
31 38 23
31 39 49
31 40 37
31 42 51
31 46 55
31 48 22
31 49 22
32 0 28
32 1 91
32 2 68
32 3 79
32 6 38
32 8 28
32 9 25
32 11 12
32 12 26
32 14 76
32 16 29
32 17 5
32 18 51
32 20 3
32 21 88
32 22 84
32 23 81
32 25 27
32 27 49
32 28 85
32 29 16
32 30 31
32 34 95
32 36 60
32 37 51
32 40 85
32 41 43
32 42 41
32 45 38
32 47 88
33 0 88
33 4 98
33 6 37
33 7 78
33 8 55
33 10 96
33 13 72
33 14 19
33 15 69
33 19 80
33 20 38
33 22 5
33 23 98
33 26 57
33 27 30
33 28 16
33 29 50
33 30 38
33 32 44
33 34 77
33 37 67
33 40 44
33 41 13
33 42 15
33 43 48
33 45 3
33 46 95
33 47 97
33 48 40
34 0 8
34 2 50
34 4 4
34 7 68
34 9 57
34 10 44
34 12 55
34 15 88
34 18 9
34 19 60
34 20 14
34 23 72
34 25 99
34 26 97
34 30 64
34 31 24
34 33 12
34 36 55
34 37 84
34 39 36
34 40 16
34 42 96
34 43 33
34 44 43
34 49 73
35 1 35
35 2 85
35 6 44
35 7 71
35 9 11
35 10 28
35 14 74
35 15 55
35 18 49
35 20 70
35 22 68
35 23 99
35 24 20
35 27 28
35 30 59
35 31 59
35 32 97
35 33 81
35 34 17
35 36 1
35 37 12
35 41 11
35 43 42
35 46 72
35 47 34
35 49 55
36 4 93
36 6 66
36 8 23
36 10 61
36 12 46
36 18 52
36 21 88
36 22 82
36 24 95
36 26 15
36 29 89
36 37 20
36 39 11
36 40 89
36 43 63
36 44 68
36 46 11
36 47 90
36 48 13
37 1 42
37 2 93
37 3 7
37 4 31
37 5 86
37 6 91
37 8 44
37 10 22
37 12 74
37 13 47
37 14 48
37 16 96
37 20 94
37 21 73
37 23 24
37 26 68
37 28 87
37 29 66
37 30 92
37 31 57
37 33 32
37 34 28
37 35 65
37 36 59
37 38 96
37 39 62
37 40 13
37 46 2
37 47 62
38 3 31
38 6 91
38 8 81
38 10 18
38 13 10
38 15 67
38 16 25
38 18 92
38 20 73
38 22 33
38 23 35
38 24 52
38 25 46
38 26 83
38 32 68
38 33 83
38 37 88
38 43 34
38 45 12
38 47 30
38 49 44
39 5 21
39 7 13
39 8 71
39 9 62
39 10 2
39 12 59
39 15 2
39 24 87
39 25 17
39 28 2
39 30 37
39 32 25
39 34 4
39 38 22
39 40 69
39 41 48
39 44 35
39 46 31
39 47 73
39 49 73
40 0 29
40 3 72
40 4 30
40 5 19
40 6 29
40 7 40
40 10 67
40 12 63
40 13 45
40 15 10
40 18 89
40 19 81
40 20 35
40 21 2
40 22 37
40 23 12
40 24 51
40 25 66
40 27 7
40 29 91
40 31 40
40 32 58
40 33 6
40 34 55
40 37 70
40 38 89
40 39 33
40 44 64
40 45 55
40 46 44
40 49 62
41 0 19
41 1 26
41 2 39
41 3 43
41 4 19
41 7 75
41 8 97
41 12 26
41 14 67
41 16 45
41 18 42
41 19 70
41 20 20
41 24 17
41 25 89
41 28 12
41 30 95
41 32 10
41 33 19
41 36 48
41 37 28
41 38 79
41 43 12
41 44 92
41 45 86
41 47 1
41 48 91
42 1 13
42 2 19
42 3 36
42 6 25
42 7 77
42 8 8
42 9 81
42 12 91
42 13 29
42 14 56
42 15 67
42 16 77
42 18 95
42 19 44
42 20 83
42 21 13
42 23 36
42 25 8
42 26 45
42 27 41
42 28 33
42 29 68
42 32 65
42 33 13
42 35 14
42 36 59
42 37 19
42 39 76
42 43 47
42 44 19
42 46 5
42 48 60
42 49 65
43 0 17
43 1 79
43 2 13
43 5 99
43 6 15
43 8 51
43 12 57
43 13 5
43 15 96
43 17 32
43 18 60
43 19 70
43 22 16
43 23 25
43 24 63
43 25 10
43 26 75
43 28 19
43 29 47
43 36 29
43 37 28
43 38 24
43 40 13
43 44 39
43 47 31
44 1 65
44 3 24
44 6 71
44 7 63
44 8 3
44 9 22
44 14 31
44 15 41
44 18 27
44 19 74
44 21 38
44 22 90
44 23 84
44 25 2
44 26 72
44 27 61
44 31 36
44 32 37
44 33 25
44 38 60
44 40 25
44 42 97
44 43 9
44 45 42
44 46 47
44 47 26
45 0 53
45 3 1
45 5 73
45 7 63
45 9 56
45 11 73
45 12 53
45 17 87
45 18 81
45 22 72
45 25 15
45 27 54
45 28 43
45 30 98
45 34 58
45 38 33
45 39 76
45 40 58
45 42 89
45 47 81
45 48 73
46 3 54
46 5 72
46 7 99
46 8 5
46 9 68
46 11 20
46 12 54
46 13 80
46 15 98
46 16 51
46 17 27
46 18 56
46 21 79
46 22 35
46 23 85
46 24 83
46 26 14
46 27 42
46 28 2
46 29 15
46 34 43
46 36 71
46 37 53
46 40 14
46 42 75
46 44 8
46 45 16
46 47 20
47 0 18
47 1 30
47 2 70
47 4 70
47 5 2
47 7 12
47 8 41
47 10 56
47 11 95
47 12 90
47 13 74
47 14 50
47 15 3
47 17 96
47 19 37
47 22 82
47 23 50
47 24 34
47 27 15
47 28 79
47 29 90
47 30 99
47 31 10
47 32 96
47 33 81
47 34 11
47 41 14
47 43 57
47 44 63
47 45 40
47 46 26
47 48 32
48 1 13
48 4 51
48 5 67
48 6 28
48 7 91
48 8 20
48 13 10
48 14 96
48 19 84
48 22 2
48 23 44
48 26 77
48 29 46
48 30 70
48 33 84
48 38 17
48 42 19
48 44 68
48 46 91
48 47 87
48 49 20
49 3 43
49 6 95
49 7 81
49 9 74
49 11 22
49 12 45
49 17 35
49 18 41
49 19 45
49 20 35
49 21 38
49 22 29
49 23 27
49 24 36
49 25 91
49 26 49
49 29 35
49 31 45
49 32 40
49 34 17
49 35 77
49 38 11
49 41 18
49 44 29
49 46 41
49 48 23
