0 7 74
0 10 39
0 12 73
0 13 57
0 14 57
0 15 44
0 17 51
0 18 52
0 20 72
0 21 98
0 23 40
0 26 3
0 28 35
0 33 1
0 35 66
0 36 17
0 37 3
0 38 77
0 39 1
0 40 65
0 41 84
0 43 67
0 48 19
0 49 15
0 50 45
0 52 47
0 54 8
0 57 33
0 58 37
0 60 38
0 61 86
0 64 16
0 65 8
0 67 32
0 68 29
0 69 75
0 74 95
0 81 34
0 83 97
0 84 53
0 87 80
0 88 52
0 90 24
0 91 55
0 94 46
0 96 95
0 97 42
0 98 77
1 2 62
1 3 4
1 5 35
1 8 72
1 10 82
1 12 56
1 13 45
1 18 5
1 19 20
1 23 11
1 28 73
1 31 81
1 35 30
1 38 39
1 40 34
1 43 49
1 44 49
1 47 45
1 48 45
1 49 18
1 50 22
1 51 45
1 52 39
1 53 29
1 54 1
1 55 97
1 56 80
1 61 74
1 66 93
1 67 35
1 70 60
1 71 42
1 72 97
1 74 57
1 75 1
1 84 5
1 86 16
1 87 33
1 88 35
1 89 91
1 90 97
1 93 96
1 94 88
1 95 43
1 96 91
1 99 78
2 0 77
2 3 9
2 4 34
2 5 99
2 6 33
2 8 78
2 9 74
2 11 34
2 12 76
2 13 8
2 14 44
2 15 64
2 16 39
2 17 7
2 18 98
2 20 52
2 22 39
2 23 45
2 24 61
2 25 43
2 29 9
2 32 1
2 35 97
2 36 8
2 40 90
2 43 33
2 46 2
2 47 97
2 49 55
2 51 85
2 53 95
2 56 83
2 58 28
2 59 69
2 61 69
2 62 24
2 63 55
2 64 60
2 66 50
2 68 49
2 69 98
2 75 7
2 76 66
2 77 89
2 78 76
2 79 13
2 82 25
2 83 21
2 84 34
2 86 5
2 88 40
2 90 38
2 94 56
2 97 71
2 99 4
3 0 42
3 1 79
3 2 31
3 4 2
3 8 79
3 9 86
3 10 15
3 11 12
3 12 14
3 13 75
3 14 30
3 15 77
3 17 99
3 19 96
3 21 14
3 27 12
3 29 83
3 31 37
3 35 11
3 38 4
3 40 92
3 41 69
3 44 17
3 48 6
3 50 91
3 51 57
3 55 76
3 60 45
3 61 30
3 64 1
3 65 33
3 66 34
3 68 15
3 71 61
3 72 28
3 74 46
3 75 43
3 76 81
3 78 63
3 79 92
3 80 56
3 83 27
3 84 20
3 86 4
3 87 61
3 88 92
3 92 53
3 94 53
3 95 4
3 98 13
3 99 34
4 3 46
4 5 56
4 7 45
4 8 82
4 9 12
4 10 55
4 11 55
4 14 15
4 17 78
4 18 61
4 21 91
4 22 30
4 23 22
4 26 89
4 29 1
4 32 65
4 33 88
4 37 94
4 39 66
4 40 79
4 41 98
4 44 87
4 45 1
4 46 37
4 48 82
4 49 95
4 50 55
4 57 85
4 59 91
4 62 88
4 65 66
4 68 70
4 71 72
4 72 3
4 74 56
4 75 10
4 76 46
4 78 31
4 79 98
4 80 18
4 85 28
4 86 5
4 87 3
4 88 26
4 89 7
4 90 19
4 91 65
4 93 86
4 94 95
4 97 62
5 0 15
5 3 57
5 4 96
5 10 58
5 11 32
5 13 49
5 15 76
5 21 29
5 24 60
5 25 9
5 27 72
5 28 96
5 30 53
5 33 74
5 37 15
5 42 59
5 43 61
5 44 26
5 45 62
5 46 64
5 47 35
5 48 71
5 49 49
5 50 55
5 51 11
5 52 99
5 54 15
5 55 56
5 56 17
5 57 24
5 59 3
5 62 3
5 64 99
5 71 34
5 72 53
5 76 56
5 79 30
5 80 24
5 83 23
5 86 68
5 87 30
5 88 98
5 89 63
5 90 94
5 93 75
5 94 96
5 95 24
5 96 39
5 97 62
5 98 59
5 99 52
6 3 57
6 4 68
6 8 81
6 9 60
6 11 19
6 12 92
6 15 90
6 29 35
6 30 12
6 31 99
6 32 32
6 35 9
6 39 86
6 40 34
6 42 15
6 43 3
6 54 76
6 55 82
6 57 51
6 61 70
6 65 99
6 66 37
6 69 26
6 70 41
6 71 34
6 72 10
6 74 19
6 77 82
6 78 99
6 79 49
6 80 83
6 83 9
6 87 76
6 90 45
6 93 17
6 99 47
7 0 77
7 1 57
7 3 82
7 5 25
7 6 4
7 9 84
7 11 4
7 13 44
7 15 57
7 18 23
7 20 64
7 22 94
7 25 31
7 27 53
7 31 27
7 35 86
7 36 13
7 38 38
7 40 34
7 41 45
7 45 69
7 50 85
7 51 71
7 52 37
7 57 95
7 59 13
7 60 91
7 62 33
7 63 72
7 64 90
7 65 87
7 66 28
7 68 64
7 69 67
7 71 95
7 74 42
7 77 55
7 78 45
7 79 69
7 80 21
7 81 89
7 83 14
7 86 93
7 88 24
7 89 59
7 90 60
7 91 46
7 93 54
7 94 53
7 95 71
7 96 6
7 97 3
8 1 5
8 4 85
8 11 37
8 12 30
8 16 58
8 18 74
8 19 27
8 21 29
8 27 1
8 29 14
8 31 46
8 34 70
8 36 72
8 37 50
8 42 24
8 45 52
8 47 2
8 50 56
8 51 21
8 52 90
8 53 57
8 54 66
8 57 69
8 58 96
8 59 50
8 61 89
8 63 15
8 66 14
8 67 78
8 68 49
8 71 42
8 72 29
8 73 63
8 75 81
8 76 25
8 79 57
8 80 82
8 82 94
8 84 24
8 86 86
8 87 59
8 88 59
8 89 65
8 90 88
8 92 48
8 97 12
8 99 4
9 1 98
9 2 63
9 3 98
9 6 53
9 10 15
9 13 30
9 15 92
9 26 81
9 27 35
9 30 55
9 31 97
9 33 35
9 34 25
9 37 90
9 39 30
9 40 24
9 42 78
9 44 63
9 46 47
9 47 27
9 48 31
9 50 74
9 51 61
9 52 68
9 56 67
9 60 21
9 61 41
9 67 97
9 68 23
9 71 66
9 73 97
9 74 60
9 75 94
9 78 40
9 82 12
9 86 66
9 87 95
9 90 33
9 92 27
9 93 3
9 94 29
9 95 55
9 96 27
9 97 79
10 0 69
10 1 78
10 2 86
10 3 20
10 4 47
10 5 85
10 7 82
10 9 41
10 11 71
10 13 62
10 15 51
10 18 4
10 19 99
10 21 95
10 22 99
10 27 38
10 28 11
10 30 8
10 32 47
10 35 59
10 37 44
10 38 75
10 39 1
10 41 87
10 42 51
10 45 30
10 46 37
10 50 48
10 51 16
10 53 66
10 55 41
10 57 98
10 58 80
10 61 63
10 62 1
10 63 21
10 66 35
10 67 68
10 69 69
10 75 49
10 76 37
10 78 74
10 79 84
10 80 1
10 83 54
10 84 34
10 85 34
10 86 44
10 87 20
10 88 95
10 89 65
10 90 18
10 92 89
10 93 70
10 94 64
10 96 33
10 98 74
10 99 1
11 0 79
11 8 90
11 9 53
11 10 92
11 13 89
11 14 68
11 16 39
11 17 47
11 24 55
11 25 37
11 27 36
11 30 36
11 31 68
11 32 94
11 33 73
11 35 54
11 38 32
11 39 30
11 42 73
11 44 41
11 47 89
11 48 71
11 49 85
11 50 67
11 51 96
11 52 61
11 53 47
11 62 7
11 69 86
11 70 73
11 71 56
11 73 30
11 74 36
11 76 9
11 78 16
11 79 26
11 80 17
11 81 68
11 82 89
11 84 47
11 87 68
11 90 33
11 91 39
11 92 93
11 93 60
11 98 88
12 1 16
12 2 88
12 4 47
12 6 96
12 7 35
12 8 67
12 9 3
12 10 78
12 11 64
12 17 34
12 18 94
12 22 12
12 24 10
12 31 57
12 32 44
12 33 7
12 34 67
12 35 49
12 37 90
12 42 6
12 43 62
12 45 18
12 47 68
12 49 40
12 51 20
12 54 57
12 55 23
12 56 27
12 58 24
12 59 73
12 61 60
12 63 49
12 66 31
12 67 46
12 68 62
12 69 99
12 70 13
12 72 60
12 75 34
12 79 37
12 81 72
12 82 25
12 83 80
12 84 44
12 85 60
12 86 27
12 87 32
12 88 39
12 90 77
12 91 90
12 93 68
12 95 87
12 97 43
12 99 52
13 0 54
13 3 25
13 6 27
13 8 42
13 9 28
13 12 36
13 15 54
13 19 80
13 20 43
13 21 48
13 22 9
13 23 12
13 26 66
13 28 33
13 30 18
13 32 27
13 35 63
13 36 94
13 39 47
13 41 16
13 44 14
13 45 48
13 47 82
13 49 90
13 50 55
13 53 45
13 55 38
13 57 35
13 59 26
13 60 15
13 64 48
13 65 43
13 66 86
13 68 11
13 70 6
13 72 90
13 73 3
13 74 83
13 75 5
13 76 38
13 78 62
13 79 22
13 82 11
13 87 97
13 89 76
13 93 90
13 94 23
13 95 5
13 96 61
13 97 53
13 99 58
14 0 50
14 1 25
14 2 67
14 4 39
14 5 56
14 6 88
14 8 39
14 15 36
14 17 25
14 20 19
14 21 22
14 24 11
14 26 96
14 27 3
14 34 14
14 36 59
14 37 33
14 38 18
14 39 40
14 40 73
14 41 19
14 42 50
14 43 2
14 45 38
14 46 97
14 48 2
14 49 25
14 50 38
14 51 35
14 52 96
14 54 93
14 55 44
14 56 92
14 60 28
14 61 70
14 64 33
14 68 50
14 69 97
14 70 62
14 72 81
14 75 99
14 76 87
14 77 19
14 80 88
14 81 87
14 82 55
14 83 82
14 84 68
14 85 5
14 86 75
14 89 56
14 91 29
14 93 67
14 94 38
14 99 4
15 0 68
15 1 11
15 2 7
15 3 17
15 4 21
15 5 85
15 7 42
15 10 84
15 13 65
15 14 49
15 17 97
15 19 42
15 20 33
15 21 8
15 22 52
15 25 69
15 26 86
15 27 72
15 28 26
15 29 96
15 30 16
15 31 43
15 35 70
15 37 22
15 41 27
15 42 3
15 43 64
15 45 70
15 47 74
15 51 89
15 53 71
15 55 73
15 56 71
15 57 48
15 59 97
15 60 35
15 61 3
15 62 27
15 63 19
15 64 22
15 66 71
15 67 77
15 68 87
15 70 15
15 71 77
15 72 36
15 73 26
15 74 60
15 75 90
15 77 97
15 78 46
15 79 1
15 83 33
15 84 61
15 85 38
15 86 45
15 94 10
15 96 9
15 97 28
15 98 46
15 99 81
16 0 86
16 1 21
16 6 92
16 11 11
16 13 55
16 15 80
16 18 72
16 19 15
16 22 86
16 24 45
16 25 79
16 27 45
16 28 13
16 30 61
16 31 43
16 34 58
16 35 62
16 37 64
16 42 58
16 45 89
16 46 19
16 47 45
16 48 99
16 49 64
16 50 1
16 53 68
16 54 14
16 56 79
16 57 17
16 58 65
16 63 54
16 65 83
16 66 36
16 69 62
16 71 25
16 72 40
16 73 60
16 74 91
16 75 70
16 76 36
16 77 73
16 78 94
16 79 18
16 80 56
16 84 42
16 85 90
16 86 32
16 87 42
16 88 59
16 89 96
16 90 27
16 91 45
16 92 23
16 93 3
16 94 7
16 96 78
16 99 39
17 1 53
17 2 82
17 5 64
17 10 99
17 11 71
17 18 42
17 19 28
17 20 76
17 21 67
17 23 92
17 25 11
17 28 76
17 30 87
17 31 58
17 32 80
17 33 54
17 34 93
17 37 44
17 39 96
17 42 7
17 43 30
17 44 64
17 46 63
17 47 23
17 50 71
17 51 47
17 55 90
17 56 44
17 57 83
17 59 62
17 67 34
17 69 11
17 71 98
17 72 54
17 77 46
17 79 72
17 81 40
17 82 57
17 85 76
17 86 6
17 89 87
17 91 22
17 92 82
17 98 21
17 99 86
18 0 34
18 3 19
18 4 31
18 5 9
18 6 89
18 10 4
18 12 74
18 14 66
18 17 48
18 22 97
18 23 73
18 27 24
18 28 61
18 29 71
18 31 27
18 34 65
18 35 91
18 39 58
18 41 41
18 42 12
18 44 39
18 46 81
18 48 38
18 50 77
18 57 28
18 62 44
18 63 78
18 64 95
18 65 65
18 66 5
18 68 76
18 70 45
18 73 86
18 76 29
18 77 37
18 78 56
18 79 84
18 81 94
18 82 46
18 83 69
18 84 57
18 86 36
18 87 79
18 89 63
18 90 31
18 91 6
18 93 20
18 94 4
18 98 25
18 99 80
19 1 64
19 2 54
19 5 54
19 9 50
19 10 13
19 11 27
19 13 48
19 14 93
19 15 57
19 16 55
19 17 41
19 18 60
19 20 27
19 27 30
19 28 55
19 29 45
19 31 37
19 33 57
19 34 35
19 35 19
19 36 38
19 37 50
19 39 61
19 43 16
19 46 55
19 49 61
19 50 16
19 52 20
19 53 81
19 55 62
19 56 65
19 57 68
19 58 71
19 59 75
19 60 52
19 61 89
19 62 11
19 64 7
19 66 59
19 67 4
19 70 73
19 72 42
19 74 34
19 75 76
19 77 16
19 78 85
19 80 96
19 81 83
19 83 96
19 84 56
19 86 25
19 88 92
19 89 63
19 92 86
19 93 97
19 95 78
19 96 33
19 97 12
19 99 56
20 0 1
20 2 81
20 3 67
20 4 66
20 5 39
20 8 14
20 9 7
20 11 16
20 12 46
20 14 75
20 15 35
20 16 39
20 18 7
20 19 34
20 23 14
20 25 76
20 27 10
20 28 81
20 29 48
20 30 63
20 32 23
20 34 31
20 36 77
20 37 8
20 38 25
20 39 1
20 40 46
20 42 11
20 45 37
20 50 65
20 51 1
20 52 45
20 54 78
20 55 5
20 56 83
20 57 42
20 58 29
20 59 48
20 62 48
20 64 48
20 65 75
20 66 25
20 67 89
20 68 19
20 70 3
20 71 24
20 74 34
20 75 65
20 76 88
20 77 43
20 79 10
20 80 43
20 81 5
20 84 27
20 85 36
20 86 62
20 87 33
20 88 13
20 89 77
20 92 19
20 93 72
21 0 36
21 2 73
21 3 20
21 5 51
21 8 13
21 10 13
21 11 19
21 13 7
21 17 77
21 18 33
21 19 44
21 20 97
21 23 25
21 25 91
21 26 20
21 27 20
21 29 77
21 31 44
21 33 72
21 34 88
21 39 34
21 40 89
21 41 99
21 46 29
21 48 59
21 49 4
21 50 6
21 54 80
21 56 74
21 58 31
21 60 66
21 61 14
21 65 3
21 67 37
21 68 88
21 70 80
21 71 53
21 72 14
21 73 33
21 76 40
21 82 60
21 83 9
21 84 38
21 91 89
21 94 34
21 95 72
21 96 87
21 97 67
21 98 44
21 99 33
22 5 79
22 8 4
22 9 10
22 11 53
22 14 13
22 15 92
22 18 19
22 19 27
22 20 30
22 26 63
22 27 71
22 31 35
22 32 13
22 33 2
22 34 58
22 35 51
22 39 37
22 40 27
22 41 54
22 42 19
22 43 67
22 47 54
22 48 46
22 51 58
22 52 93
22 54 55
22 55 21
22 56 3
22 58 18
22 59 94
22 60 86
22 61 58
22 64 43
22 68 59
22 72 82
22 73 92
22 74 96
22 75 33
22 78 42
22 79 13
22 81 30
22 82 73
22 83 96
22 85 79
22 86 82
22 88 31
22 89 69
22 90 1
22 91 61
22 93 33
22 97 52
22 98 64
23 0 87
23 1 58
23 2 43
23 4 9
23 7 37
23 8 42
23 9 22
23 10 89
23 12 40
23 13 66
23 14 89
23 16 89
23 17 42
23 18 84
23 19 14
23 20 19
23 22 24
23 24 73
23 25 3
23 26 24
23 29 12
23 35 16
23 38 71
23 39 44
23 40 9
23 44 91
23 45 53
23 49 45
23 50 68
23 52 29
23 54 40
23 55 37
23 56 30
23 58 8
23 59 9
23 60 87
23 61 71
23 63 35
23 64 68
23 65 65
23 66 16
23 67 15
23 68 76
23 70 96
23 73 80
23 75 43
23 77 76
23 80 43
23 85 27
23 88 7
23 89 15
23 90 43
23 91 47
23 94 42
23 99 39
24 0 71
24 1 24
24 2 56
24 3 13
24 8 73
24 11 37
24 13 56
24 14 92
24 17 90
24 18 47
24 21 28
24 23 45
24 25 3
24 26 81
24 28 99
24 30 21
24 31 43
24 32 52
24 40 65
24 41 72
24 44 26
24 47 25
24 49 63
24 51 97
24 52 79
24 56 24
24 57 66
24 60 8
24 61 73
24 62 11
24 63 77
24 65 25
24 66 30
24 67 30
24 68 30
24 71 60
24 73 37
24 75 87
24 79 38
24 83 18
24 84 99
24 87 43
24 89 24
24 90 3
24 91 5
24 92 69
24 93 23
24 96 7
25 0 60
25 1 10
25 5 42
25 6 53
25 8 56
25 9 55
25 10 67
25 11 80
25 12 18
25 13 40
25 16 5
25 17 1
25 18 11
25 19 78
25 22 85
25 23 13
25 28 42
25 29 76
25 33 85
25 35 86
25 36 10
25 38 51
25 41 20
25 43 81
25 44 66
25 46 29
25 47 16
25 49 47
25 50 47
25 51 77
25 52 31
25 54 57
25 55 97
25 56 86
25 58 5
25 60 99
25 61 66
25 63 87
25 64 91
25 65 81
25 67 53
25 68 7
25 69 79
25 70 48
25 72 55
25 73 25
25 75 58
25 77 17
25 80 61
25 82 25
25 83 69
25 84 52
25 85 28
25 86 9
25 88 26
25 92 51
25 93 60
25 96 6
25 98 26
25 99 1
26 0 22
26 1 26
26 3 88
26 4 29
26 8 82
26 9 19
26 13 40
26 14 58
26 16 85
26 18 99
26 19 84
26 21 15
26 24 74
26 25 33
26 28 70
26 30 65
26 31 53
26 34 11
26 35 44
26 39 95
26 40 89
26 41 41
26 43 19
26 46 52
26 48 24
26 51 70
26 53 88
26 57 6
26 58 90
26 59 83
26 61 66
26 65 13
26 66 13
26 67 76
26 68 96
26 69 44
26 70 28
26 71 51
26 74 66
26 75 54
26 76 80
26 77 54
26 79 55
26 80 92
26 82 84
26 85 24
26 87 63
26 90 61
26 93 32
26 94 21
26 95 20
26 97 21
26 98 92
27 0 94
27 1 19
27 3 76
27 4 42
27 6 34
27 12 18
27 14 27
27 15 95
27 20 34
27 21 24
27 23 58
27 25 26
27 29 23
27 30 46
27 31 60
27 32 37
27 34 1
27 36 11
27 37 18
27 41 88
27 44 86
27 45 34
27 46 56
27 48 42
27 49 74
27 50 28
27 51 79
27 52 94
27 53 78
27 56 73
27 60 16
27 61 79
27 65 6
27 69 26
27 70 32
27 73 42
27 74 50
27 76 17
27 77 9
27 78 6
27 79 50
27 81 8
27 82 32
27 83 99
27 84 84
27 85 53
27 86 65
27 87 1
27 90 40
27 91 39
27 92 69
27 94 57
27 95 25
27 97 43
27 99 92
28 0 46
28 3 77
28 5 89
28 6 30
28 7 69
28 8 95
28 9 80
28 11 70
28 14 97
28 15 40
28 17 38
28 19 88
28 22 7
28 23 1
28 24 88
28 25 22
28 30 17
28 31 90
28 33 64
28 35 85
28 36 18
28 38 57
28 39 37
28 40 25
28 43 60
28 46 32
28 48 58
28 51 62
28 52 39
28 56 21
28 58 47
28 59 80
28 60 15
28 61 82
28 63 79
28 64 99
28 65 2
28 66 71
28 67 5
28 70 74
28 74 44
28 76 60
28 79 2
28 81 21
28 85 82
28 87 2
28 89 46
28 90 28
28 91 28
28 92 98
28 93 85
28 95 86
28 96 40
28 99 5
29 5 19
29 8 9
29 9 62
29 11 51
29 15 7
29 19 78
29 20 64
29 21 39
29 26 1
29 28 98
29 30 2
29 31 53
29 35 39
29 37 92
29 38 44
29 46 66
29 48 40
29 50 31
29 52 25
29 53 62
29 54 37
29 58 46
29 59 95
29 63 54
29 66 1
29 70 11
29 72 98
29 82 59
29 83 14
29 90 96
29 91 67
29 92 66
29 93 79
29 97 29
30 0 34
30 2 1
30 3 88
30 4 93
30 7 34
30 10 68
30 11 73
30 14 75
30 18 56
30 22 72
30 23 21
30 24 44
30 25 8
30 26 14
30 27 40
30 28 42
30 31 46
30 33 75
30 35 87
30 36 27
30 37 28
30 38 21
30 40 75
30 41 20
30 42 76
30 45 3
30 47 59
30 49 82
30 50 67
30 51 4
30 52 20
30 54 90
30 59 59
30 61 9
30 65 56
30 66 3
30 67 34
30 68 1
30 69 70
30 71 8
30 72 16
30 73 41
30 74 1
30 75 62
30 77 47
30 80 16
30 83 60
30 84 37
30 85 93
30 86 48
30 88 70
30 89 76
30 90 29
30 93 15
30 96 52
30 97 17
30 99 85
31 0 9
31 2 73
31 3 56
31 4 47
31 7 30
31 8 62
31 9 72
31 10 74
31 12 19
31 14 93
31 16 90
31 17 67
31 19 39
31 20 52
31 21 86
31 30 91
31 32 66
31 36 21
31 39 59
31 40 76
31 42 92
31 43 32
31 45 12
31 46 29
31 47 81
31 48 92
31 49 12
31 50 95
31 51 94
31 52 28
31 55 16
31 62 72
31 63 24
31 66 86
31 68 80
31 71 88
31 74 14
31 75 73
31 77 36
31 80 73
31 82 66
31 83 76
31 84 7
31 85 83
31 87 82
31 90 91
31 93 25
31 96 64
32 0 58
32 1 55
32 3 55
32 4 59
32 6 92
32 7 30
32 8 5
32 9 50
32 10 16
32 12 13
32 16 29
32 17 44
32 19 88
32 20 8
32 21 15
32 23 9
32 24 53
32 25 82
32 28 85
32 30 94
32 31 3
32 34 14
32 35 94
32 40 92
32 45 38
32 48 96
32 49 79
32 50 71
32 51 35
32 53 28
32 54 51
32 55 49
32 57 74
32 59 35
32 63 44
32 67 96
32 72 87
32 75 54
32 79 72
32 80 47
32 82 14
32 83 29
32 84 90
32 86 73
32 88 59
32 89 97
32 90 37
32 92 7
32 95 3
32 96 68
32 98 79
32 99 57
33 2 40
33 3 11
33 5 16
33 6 76
33 7 32
33 10 84
33 11 6
33 13 75
33 14 34
33 15 33
33 16 11
33 17 92
33 19 53
33 21 90
33 22 97
33 23 96
33 25 9
33 26 32
33 29 21
33 32 33
33 34 98
33 36 52
33 37 69
33 41 46
33 47 66
33 49 4
33 50 13
33 52 69
33 53 64
33 54 61
33 55 92
33 57 28
33 59 61
33 60 96
33 61 15
33 62 6
33 68 62
33 70 85
33 72 24
33 74 22
33 75 43
33 88 72
33 95 51
33 96 77
33 98 65
34 3 64
34 4 72
34 5 68
34 7 82
34 10 54
34 13 8
34 15 51
34 16 44
34 17 30
34 23 86
34 24 5
34 26 42
34 28 19
34 32 92
34 33 71
34 35 7
34 37 45
34 43 82
34 44 95
34 45 63
34 48 17
34 49 69
34 52 71
34 53 68
34 54 14
34 56 42
34 57 30
34 59 77
34 62 91
34 64 82
34 65 46
34 70 25
34 72 44
34 73 92
34 75 25
34 76 26
34 81 65
34 84 86
34 85 29
34 86 9
34 87 11
34 90 45
34 91 42
34 96 90
35 3 5
35 4 27
35 6 81
35 8 29
35 9 73
35 10 35
35 11 97
35 15 14
35 17 77
35 20 36
35 21 40
35 22 46
35 23 24
35 26 99
35 27 87
35 28 90
35 32 75
35 33 24
35 34 90
35 38 35
35 44 25
35 46 90
35 48 91
35 49 16
35 50 63
35 53 59
35 54 43
35 55 77
35 56 62
35 58 53
35 59 93
35 60 61
35 61 87
35 62 76
35 63 39
35 64 33
35 65 69
35 66 44
35 67 87
35 69 14
35 71 73
35 72 22
35 74 71
35 75 90
35 76 89
35 78 47
35 80 35
35 81 7
35 82 72
35 84 61
35 85 73
35 87 3
35 89 37
35 90 36
35 91 97
35 93 11
35 95 44
35 97 67
35 98 75
35 99 54
36 0 51
36 2 64
36 4 44
36 5 11
36 11 96
36 12 22
36 14 5
36 15 92
36 16 11
36 17 90
36 19 19
36 20 96
36 22 73
36 29 8
36 31 85
36 32 82
36 33 12
36 35 73
36 37 18
36 39 56
36 40 40
36 41 30
36 43 10
36 44 59
36 48 19
36 54 87
36 55 64
36 58 3
36 60 35
36 61 98
36 62 28
36 65 4
36 66 7
36 68 50
36 69 10
36 70 83
36 71 12
36 77 31
36 78 49
36 79 48
36 80 48
36 83 59
36 90 11
36 91 95
36 92 72
36 93 51
36 94 51
36 95 79
36 98 66
36 99 53
37 3 96
37 7 53
37 8 32
37 9 49
37 10 35
37 11 83
37 15 60
37 17 13
37 18 32
37 19 34
37 21 86
37 23 13
37 24 38
37 26 31
37 28 9
37 32 25
37 34 4
37 35 65
37 38 89
37 39 44
37 42 80
37 43 37
37 44 12
37 46 71
37 50 40
37 56 11
37 57 49
37 63 76
37 64 87
37 66 68
37 67 30
37 71 31
37 72 62
37 73 64
37 75 72
37 78 8
37 82 40
37 84 57
37 85 30
37 86 38
37 88 19
37 90 57
37 93 2
37 94 28
37 97 34
37 98 37
38 0 23
38 2 5
38 6 71
38 7 40
38 10 15
38 12 60
38 13 22
38 19 81
38 20 60
38 22 19
38 32 53
38 35 63
38 37 12
38 39 21
38 40 71
38 46 2
38 48 2
38 58 25
38 59 74
38 61 72
38 62 13
38 63 84
38 64 29
38 67 85
38 68 74
38 69 88
38 70 16
38 72 9
38 73 86
38 76 56
38 79 5
38 80 90
38 81 76
38 82 63
38 84 93
38 86 53
38 87 33
38 88 60
38 89 7
38 90 90
38 91 5
38 93 56
38 94 29
38 96 35
38 98 42
39 0 85
39 1 21
39 3 4
39 4 19
39 5 45
39 8 80
39 9 77
39 15 69
39 16 42
39 21 67
39 22 47
39 25 28
39 26 91
39 27 39
39 29 52
39 30 18
39 31 94
39 33 20
39 34 56
39 35 62
39 36 27
39 38 7
39 40 68
39 41 94
39 43 65
39 44 49
39 45 93
39 46 49
39 47 94
39 49 98
39 52 96
39 53 13
39 55 5
39 56 51
39 57 10
39 58 31
39 59 92
39 61 42
39 62 19
39 64 36
39 65 79
39 67 9
39 68 89
39 70 62
39 71 90
39 74 63
39 76 94
39 77 29
39 78 72
39 79 34
39 82 62
39 84 53
39 87 28
39 91 22
39 92 54
39 93 45
39 96 23
39 97 29
39 98 87
40 0 69
40 3 22
40 5 93
40 6 41
40 9 38
40 10 50
40 12 76
40 13 5
40 14 82
40 15 83
40 16 77
40 18 86
40 20 42
40 21 37
40 22 71
40 23 58
40 24 13
40 26 65
40 29 79
40 34 9
40 35 6
40 41 34
40 42 39
40 43 1
40 44 39
40 46 70
40 47 16
40 50 20
40 51 25
40 52 54
40 53 69
40 54 5
40 55 68
40 56 34
40 61 66
40 64 44
40 65 90
40 67 19
40 69 40
40 70 27
40 73 6
40 79 16
40 82 5
40 84 43
40 85 96
40 86 14
40 88 77
40 89 5
40 92 90
40 93 22
40 96 81
40 97 18
41 1 6
41 3 62
41 4 79
41 5 23
41 6 88
41 7 42
41 8 10
41 9 49
41 12 61
41 17 4
41 18 46
41 19 81
41 22 27
41 25 2
41 26 55
41 27 66
41 28 19
41 29 82
41 30 41
41 34 45
41 35 54
41 37 62
41 38 67
41 39 76
41 42 70
41 43 87
41 44 4
41 47 64
41 49 32
41 50 7
41 53 2
41 54 22
41 56 97
41 58 46
41 60 87
41 61 66
41 66 15
41 68 54
41 69 79
41 73 54
41 75 56
41 76 44
41 78 2
41 79 94
41 80 32
41 81 90
41 84 40
41 86 94
41 94 18
41 96 73
41 98 48
41 99 25
42 0 67
42 14 42
42 18 32
42 19 88
42 20 3
42 23 77
42 24 70
42 25 14
42 26 77
42 27 22
42 29 32
42 33 22
42 34 72
42 36 95
42 37 60
42 39 98
42 40 10
42 41 59
42 43 34
42 45 47
42 46 13
42 49 44
42 50 91
42 54 76
42 56 48
42 57 24
42 58 36
42 61 34
42 62 34
42 63 10
42 64 74
42 65 62
42 66 3
42 69 14
42 71 22
42 73 20
42 75 21
42 76 83
42 78 88
42 82 41
42 83 75
42 86 25
42 90 33
42 93 66
42 96 33
42 99 93
43 2 60
43 3 10
43 4 71
43 8 38
43 10 36
43 11 80
43 14 70
43 15 80
43 16 17
43 17 55
43 20 90
43 21 15
43 22 8
43 23 30
43 24 37
43 26 32
43 27 80
43 29 59
43 30 64
43 31 39
43 35 5
43 36 84
43 38 89
43 39 28
43 44 51
43 45 16
43 48 59
43 53 86
43 55 50
43 56 99
43 57 74
43 58 51
43 59 61
43 64 34
43 65 92
43 66 90
43 69 88
43 72 19
43 74 17
43 75 46
43 76 30
43 80 76
43 81 76
43 82 49
43 84 8
43 87 17
43 88 10
43 90 7
43 91 25
43 93 65
43 94 16
43 95 37
43 97 7
43 98 19
44 0 55
44 1 99
44 5 73
44 6 57
44 8 70
44 10 93
44 11 90
44 12 70
44 13 38
44 15 78
44 19 29
44 20 13
44 22 28
44 23 7
44 24 71
44 25 13
44 26 59
44 27 21
44 28 94
44 29 63
44 30 6
44 31 29
44 33 82
44 34 95
44 36 5
44 37 39
44 38 30
44 40 44
44 42 38
44 45 89
44 47 20
44 48 61
44 51 1
44 52 16
44 53 3
44 54 44
44 55 73
44 58 36
44 59 83
44 60 50
44 63 99
44 64 39
44 65 57
44 67 66
44 68 79
44 73 88
44 75 76
44 76 7
44 80 11
44 82 8
44 83 87
44 89 16
44 92 88
44 93 78
44 95 96
44 98 97
44 99 11
45 2 49
45 3 81
45 6 25
45 8 13
45 9 69
45 11 61
45 12 81
45 13 70
45 15 42
45 16 5
45 22 95
45 24 77
45 27 70
45 30 51
45 36 85
45 42 41
45 44 24
45 47 38
45 48 14
45 50 48
45 53 18
45 54 23
45 55 48
45 57 65
45 59 86
45 62 23
45 63 81
45 70 52
45 72 8
45 74 98
45 75 30
45 77 32
45 78 92
45 80 10
45 83 79
45 86 34
45 87 13
45 88 93
45 90 62
45 91 14
45 94 40
45 95 80
45 96 90
45 97 23
46 0 89
46 1 15
46 2 9
46 3 93
46 4 63
46 5 62
46 6 51
46 7 81
46 10 48
46 13 94
46 14 98
46 15 15
46 19 81
46 21 43
46 22 63
46 24 15
46 28 28
46 29 69
46 31 59
46 33 24
46 34 87
46 36 15
46 37 60
46 40 23
46 41 68
46 42 7
46 43 86
46 44 20
46 47 33
46 49 89
46 50 18
46 52 11
46 53 91
46 54 96
46 56 1
46 60 98
46 64 22
46 65 54
46 67 49
46 68 9
46 73 61
46 75 62
46 77 24
46 79 13
46 80 53
46 82 91
46 83 34
46 84 83
46 85 80
46 86 7
46 87 86
46 90 84
46 92 69
46 93 92
46 95 32
46 96 56
46 98 68
47 0 76
47 2 88
47 4 44
47 9 96
47 11 24
47 12 51
47 14 99
47 18 61
47 19 1
47 21 74
47 22 98
47 25 96
47 26 6
47 28 2
47 29 63
47 31 61
47 34 81
47 39 49
47 41 4
47 42 87
47 43 96
47 49 59
47 52 66
47 54 61
47 56 11
47 57 35
47 58 9
47 59 72
47 60 54
47 62 44
47 63 74
47 64 99
47 66 90
47 68 24
47 69 24
47 71 45
47 72 25
47 74 92
47 76 82
47 77 12
47 78 41
47 81 71
47 82 14
47 83 36
47 84 61
47 85 92
47 88 24
47 90 78
47 91 61
47 94 99
47 96 15
47 97 72
48 4 2
48 8 77
48 13 95
48 14 70
48 15 11
48 16 14
48 18 29
48 20 48
48 21 11
48 24 85
48 27 7
48 28 96
48 29 31
48 30 81
48 31 10
48 32 95
48 33 12
48 35 59
48 38 18
48 39 82
48 41 33
48 47 13
48 51 38
48 52 86
48 53 37
48 57 83
48 58 48
48 59 96
48 61 5
48 62 63
48 65 2
48 66 7
48 67 33
48 68 67
48 70 4
48 71 99
48 73 4
48 77 65
48 80 94
48 83 36
48 86 62
48 87 60
48 89 90
48 92 36
48 93 68
48 94 96
48 95 2
48 96 81
48 97 93
48 98 81
48 99 23
49 1 80
49 3 37
49 6 63
49 8 1
49 10 70
49 12 19
49 13 50
49 15 68
49 18 83
49 20 75
49 21 72
49 25 90
49 27 38
49 28 87
49 32 34
49 37 54
49 41 13
49 46 8
49 48 51
49 50 18
49 51 33
49 52 57
49 53 10
49 55 32
49 56 96
49 58 24
49 59 63
49 64 3
49 65 54
49 67 20
49 69 65
49 72 48
49 73 22
49 74 53
49 76 19
49 77 35
49 80 50
49 83 83
49 85 87
49 86 95
49 87 65
49 88 15
49 90 31
49 95 21
49 96 30
49 97 55
50 0 68
50 1 79
50 2 51
50 3 70
50 5 21
50 6 50
50 7 93
50 8 47
50 9 11
50 11 56
50 13 18
50 17 23
50 19 61
50 21 13
50 22 49
50 24 43
50 25 82
50 27 22
50 29 94
50 32 12
50 33 69
50 34 62
50 35 92
50 36 89
50 39 20
50 40 51
50 41 10
50 44 83
50 45 30
50 47 78
50 51 15
50 53 78
50 54 62
50 55 6
50 57 27
50 59 86
50 60 76
50 61 75
50 62 17
50 66 57
50 68 61
50 69 55
50 70 65
50 71 33
50 72 89
50 73 80
50 79 23
50 82 96
50 83 66
50 85 89
50 86 46
50 88 46
50 93 38
50 95 88
50 97 18
50 99 79
51 0 76
51 3 86
51 5 88
51 7 87
51 8 69
51 9 89
51 12 76
51 13 48
51 14 24
51 16 70
51 17 85
51 24 86
51 28 82
51 29 19
51 30 83
51 33 72
51 34 76
51 37 61
51 38 65
51 39 6
51 41 22
51 42 39
51 43 36
51 45 16
51 46 95
51 48 40
51 52 66
51 54 10
51 55 97
51 58 73
51 59 48
51 60 55
51 61 87
51 62 24
51 64 13
51 66 5
51 68 58
51 69 13
51 71 64
51 73 74
51 74 63
51 76 65
51 77 94
51 79 96
51 80 15
51 82 23
51 83 64
51 87 36
51 88 74
51 89 72
51 91 40
51 93 89
51 94 26
51 97 33
52 1 29
52 7 17
52 11 42
52 12 98
52 13 55
52 15 30
52 17 15
52 19 97
52 21 60
52 22 32
52 24 1
52 25 39
52 29 39
52 30 30
52 31 9
52 33 31
52 34 67
52 37 93
52 38 27
52 39 50
52 40 41
52 41 73
52 43 2
52 44 39
52 45 22
52 46 60
52 47 60
52 48 71
52 49 2
52 51 36
52 53 60
52 57 55
52 59 40
52 61 34
52 64 15
52 65 97
52 68 54
52 69 99
52 70 56
52 71 46
52 72 37
52 74 2
52 75 5
52 76 68
52 77 41
52 78 25
52 80 11
52 81 77
52 82 56
52 83 34
52 86 24
52 88 18
52 91 26
52 93 40
52 95 54
53 1 17
53 3 46
53 4 88
53 5 89
53 6 95
53 7 40
53 8 86
53 9 4
53 17 28
53 23 97
53 24 18
53 26 38
53 27 79
53 28 75
53 30 73
53 31 2
53 32 36
53 33 80
53 35 21
53 36 76
53 37 18
53 39 90
53 41 58
53 43 30
53 45 73
53 46 23
53 47 20
53 49 49
53 50 37
53 51 70
53 54 91
53 55 47
53 56 48
53 57 55
53 58 93
53 59 4
53 60 75
53 62 40
53 63 81
53 66 75
53 68 51
53 71 65
53 72 56
53 73 26
53 75 7
53 76 4
53 77 68
53 78 97
53 80 32
53 82 43
53 84 68
53 85 10
53 86 31
53 87 35
53 88 89
53 90 42
53 93 44
53 94 89
53 95 7
53 98 5
53 99 87
54 0 12
54 2 92
54 5 7
54 7 72
54 12 85
54 13 35
54 17 38
54 18 25
54 19 76
54 24 70
54 25 30
54 26 35
54 27 5
54 28 42
54 29 76
54 32 54
54 34 18
54 35 8
54 36 50
54 37 38
54 39 78
54 40 80
54 41 44
54 45 32
54 46 53
54 49 98
54 50 33
54 56 50
54 58 16
54 64 37
54 65 53
54 67 81
54 68 44
54 70 37
54 72 29
54 73 68
54 74 49
54 78 49
54 79 24
54 80 16
54 81 11
54 83 68
54 84 19
54 87 42
54 89 33
54 92 92
54 95 78
54 97 36
55 1 21
55 2 83
55 3 67
55 7 35
55 9 30
55 14 99
55 18 78
55 19 61
55 20 66
55 21 88
55 23 55
55 24 94
55 25 32
55 26 97
55 28 95
55 29 12
55 32 62
55 35 55
55 36 23
55 38 35
55 39 13
55 42 44
55 43 63
55 45 90
55 48 24
55 50 58
55 51 63
55 52 42
55 54 85
55 56 65
55 58 12
55 59 72
55 60 19
55 61 25
55 64 50
55 65 44
55 68 91
55 70 50
55 71 51
55 72 74
55 74 25
55 75 75
55 81 26
55 82 34
55 83 27
55 85 6
55 86 4
55 87 82
55 89 79
55 90 83
55 92 5
55 93 32
55 95 28
55 97 90
56 3 85
56 8 97
56 11 22
56 12 2
56 15 53
56 17 39
56 19 54
56 20 5
56 21 34
56 24 63
56 27 87
56 28 22
56 29 6
56 31 10
56 34 63
56 35 81
56 37 79
56 38 84
56 39 36
56 41 33
56 43 99
56 44 35
56 46 3
56 48 19
56 52 57
56 54 98
56 55 18
56 57 79
56 58 7
56 59 7
56 60 55
56 61 8
56 62 31
56 64 1
56 65 79
56 66 31
56 67 39
56 68 62
56 69 7
56 70 63
56 71 31
56 74 34
56 75 96
56 76 36
56 78 5
56 79 73
56 80 67
56 82 80
56 83 70
56 86 46
56 89 14
56 92 62
56 93 77
56 94 51
56 96 11
56 99 11
57 3 31
57 4 36
57 5 62
57 6 33
57 11 38
57 14 68
57 17 30
57 22 5
57 23 53
57 26 84
57 32 35
57 33 75
57 38 58
57 41 9
57 42 37
57 45 19
57 47 99
57 48 22
57 50 68
57 55 77
57 56 13
57 58 85
57 59 15
57 60 8
57 62 98
57 64 53
57 68 97
57 72 38
57 75 26
57 76 88
57 77 56
57 78 53
57 79 15
57 80 41
57 83 72
57 85 62
57 86 22
57 87 79
57 90 81
57 96 27
57 98 63
57 99 45
58 0 40
58 5 14
58 6 64
58 11 85
58 13 18
58 20 31
58 21 9
58 25 83
58 29 92
58 30 81
58 34 81
58 36 36
58 41 88
58 42 52
58 43 22
58 45 74
58 47 71
58 51 91
58 52 68
58 53 6
58 55 95
58 56 90
58 59 96
58 61 72
58 62 50
58 66 14
58 68 49
58 70 20
58 72 46
58 73 78
58 74 11
58 77 45
58 79 60
58 81 79
58 83 99
58 84 27
58 85 26
58 87 38
58 88 1
58 89 16
58 90 94
58 91 41
58 92 36
58 94 25
58 97 94
58 99 53
59 0 37
59 1 94
59 4 84
59 5 99
59 6 65
59 9 29
59 11 63
59 12 25
59 14 75
59 16 90
59 19 61
59 20 42
59 21 6
59 22 24
59 23 65
59 27 84
59 28 57
59 29 98
59 30 19
59 31 33
59 37 22
59 38 59
59 40 34
59 41 54
59 47 63
59 49 81
59 50 94
59 51 62
59 52 50
59 53 38
59 55 15
59 56 34
59 57 7
59 58 93
59 61 95
59 62 9
59 66 60
59 68 75
59 69 40
59 74 29
59 77 69
59 78 65
59 82 30
59 83 40
59 84 25
59 89 7
59 90 52
59 93 37
59 94 49
59 95 38
59 96 18
59 97 79
59 98 58
60 0 95
60 1 95
60 3 3
60 4 44
60 6 28
60 9 12
60 10 64
60 17 41
60 18 99
60 20 68
60 26 1
60 27 53
60 30 69
60 31 40
60 32 56
60 34 74
60 36 69
60 39 33
60 40 50
60 41 28
60 42 81
60 45 30
60 46 44
60 47 77
60 49 48
60 51 97
60 53 63
60 54 93
60 55 40
60 56 46
60 58 55
60 59 94
60 62 84
60 63 8
60 65 29
60 66 79
60 67 23
60 68 99
60 69 38
60 72 82
60 74 11
60 76 30
60 77 79
60 80 11
60 82 41
60 83 33
60 84 39
60 85 84
60 87 37
60 88 5
60 91 34
60 92 79
60 94 80
60 97 85
61 1 37
61 4 22
61 5 41
61 7 15
61 15 56
61 16 66
61 21 32
61 22 43
61 23 12
61 24 84
61 25 27
61 27 80
61 29 3
61 30 61
61 31 12
61 33 69
61 34 51
61 35 39
61 39 36
61 46 73
61 48 33
61 50 8
61 54 50
61 55 5
61 62 11
61 63 80
61 66 79
61 68 7
61 72 91
61 74 25
61 75 33
61 77 17
61 79 27
61 81 11
61 82 19
61 83 11
61 85 64
61 87 47
61 88 12
61 89 81
61 90 20
61 91 65
61 93 74
61 95 33
61 96 88
61 98 14
61 99 52
62 2 72
62 6 97
62 9 11
62 10 77
62 11 51
62 12 15
62 13 48
62 14 6
62 17 97
62 18 18
62 20 51
62 25 44
62 26 66
62 28 55
62 30 87
62 36 56
62 37 33
62 41 73
62 43 1
62 44 83
62 45 17
62 50 42
62 51 51
62 55 18
62 56 89
62 57 78
62 59 40
62 60 55
62 61 22
62 63 9
62 67 62
62 69 87
62 72 20
62 73 54
62 75 47
62 79 78
62 80 81
62 81 6
62 82 28
62 84 40
62 85 19
62 86 31
62 87 26
62 89 52
62 90 63
62 91 32
62 96 23
62 98 37
63 0 94
63 5 2
63 6 65
63 7 48
63 8 63
63 11 77
63 12 68
63 13 8
63 14 67
63 15 42
63 17 73
63 18 24
63 19 97
63 21 51
63 22 13
63 23 40
63 24 19
63 26 56
63 28 67
63 30 2
63 31 14
63 32 87
63 34 9
63 38 96
63 46 60
63 47 31
63 48 51
63 49 12
63 50 45
63 53 76
63 56 40
63 57 10
63 60 89
63 61 78
63 66 97
63 68 92
63 69 53
63 70 20
63 71 27
63 73 49
63 75 34
63 83 53
63 84 66
63 85 31
63 86 45
63 88 34
63 89 88
63 92 35
63 95 99
63 97 53
63 99 77
64 0 82
64 1 56
64 4 44
64 5 63
64 11 32
64 16 74
64 19 65
64 20 98
64 24 38
64 25 65
64 26 13
64 29 92
64 32 68
64 33 78
64 34 58
64 36 62
64 37 13
64 38 86
64 39 40
64 41 26
64 45 40
64 46 85
64 47 73
64 49 90
64 51 37
64 52 43
64 53 21
64 54 73
64 57 39
64 58 29
64 60 61
64 63 80
64 66 78
64 67 45
64 69 68
64 70 84
64 71 81
64 72 7
64 73 64
64 74 24
64 77 76
64 80 97
64 81 83
64 85 80
64 86 86
64 87 25
64 88 93
64 89 24
64 91 57
64 92 61
64 93 83
64 94 21
64 96 35
64 97 60
64 99 8
65 0 87
65 1 35
65 4 12
65 5 79
65 6 37
65 8 9
65 12 64
65 14 61
65 17 41
65 19 25
65 25 28
65 27 10
65 28 42
65 29 45
65 34 43
65 40 75
65 42 1
65 43 51
65 44 34
65 50 90
65 51 10
65 52 87
65 53 39
65 60 89
65 61 1
65 63 40
65 66 16
65 67 26
65 68 66
65 69 10
65 71 19
65 72 16
65 73 51
65 75 95
65 76 15
65 78 77
65 86 37
65 87 81
65 88 94
65 90 15
65 93 65
65 95 83
65 98 76
65 99 85
66 4 99
66 9 4
66 12 92
66 13 79
66 15 20
66 17 84
66 18 23
66 19 41
66 21 73
66 24 19
66 25 71
66 27 85
66 31 6
66 34 84
66 35 88
66 36 36
66 39 15
66 42 23
66 43 91
66 44 73
66 49 6
66 50 13
66 52 52
66 53 20
66 54 85
66 58 56
66 60 6
66 62 4
66 65 21
66 67 87
66 68 62
66 72 68
66 75 2
66 76 79
66 78 78
66 79 63
66 84 51
66 85 52
66 89 44
66 90 82
66 91 91
66 93 51
66 95 87
66 97 89
67 0 48
67 1 31
67 4 79
67 5 50
67 8 85
67 9 14
67 10 76
67 11 89
67 15 25
67 16 8
67 22 58
67 23 79
67 26 4
67 27 90
67 28 2
67 33 94
67 35 58
67 37 59
67 38 42
67 39 63
67 43 9
67 45 37
67 52 71
67 55 13
67 57 6
67 61 6
67 62 80
67 63 66
67 64 27
67 69 50
67 70 73
67 73 37
67 76 44
67 79 57
67 80 56
67 84 66
67 85 56
67 87 43
67 90 18
67 91 70
67 92 98
67 95 38
67 96 66
67 99 79
68 1 48
68 2 93
68 3 89
68 4 24
68 7 96
68 8 6
68 14 15
68 15 62
68 16 77
68 18 54
68 20 50
68 21 70
68 23 74
68 28 73
68 30 67
68 32 43
68 39 96
68 43 63
68 44 50
68 47 93
68 49 80
68 52 16
68 53 1
68 54 3
68 55 59
68 57 32
68 58 49
68 65 93
68 66 44
68 67 50
68 72 63
68 79 97
68 83 58
68 84 96
68 86 70
68 88 2
68 91 44
68 94 7
68 95 92
68 96 58
68 98 38
68 99 44
69 4 49
69 5 58
69 6 37
69 12 82
69 13 50
69 14 61
69 15 92
69 16 57
69 17 97
69 21 96
69 22 34
69 24 52
69 27 56
69 28 31
69 30 35
69 32 28
69 33 12
69 36 77
69 39 30
69 40 66
69 41 30
69 45 75
69 47 6
69 52 94
69 54 53
69 56 84
69 58 53
69 61 13
69 62 97
69 64 3
69 65 83
69 67 95
69 70 97
69 71 13
69 73 20
69 76 63
69 77 69
69 86 90
69 87 14
69 89 33
69 90 39
69 92 73
69 97 63
69 98 52
69 99 33
70 2 64
70 4 94
70 5 42
70 8 71
70 10 60
70 11 5
70 12 5
70 13 2
70 14 54
70 18 50
70 21 96
70 24 69
70 25 20
70 26 12
70 27 57
70 28 70
70 29 44
70 30 42
70 32 7
70 33 57
70 35 53
70 37 56
70 39 95
70 41 23
70 42 1
70 43 76
70 45 77
70 46 34
70 49 14
70 52 51
70 56 74
70 57 31
70 59 66
70 60 87
70 63 54
70 68 89
70 69 81
70 71 66
70 72 11
70 74 38
70 75 27
70 76 60
70 78 88
70 80 60
70 81 46
70 82 86
70 88 25
70 92 65
70 94 25
70 95 51
70 96 57
70 97 3
71 0 93
71 2 46
71 4 48
71 5 8
71 6 96
71 7 28
71 9 26
71 11 68
71 12 38
71 13 28
71 15 49
71 16 63
71 17 74
71 20 82
71 23 84
71 26 90
71 27 30
71 28 71
71 29 98
71 31 65
71 32 82
71 33 99
71 36 17
71 38 79
71 41 8
71 42 60
71 44 29
71 45 45
71 46 85
71 47 26
71 48 99
71 50 31
71 51 11
71 52 25
71 53 23
71 54 95
71 56 22
71 57 10
71 58 57
71 60 1
71 61 95
71 62 33
71 64 91
71 66 61
71 68 65
71 69 1
71 73 96
71 74 80
71 75 23
71 77 81
71 81 60
71 82 9
71 84 93
71 86 73
71 87 36
71 88 76
71 89 86
71 91 27
71 93 87
71 94 94
71 96 93
71 97 65
71 99 75
72 0 13
72 1 53
72 2 50
72 3 10
72 7 99
72 8 99
72 9 13
72 10 9
72 15 4
72 20 28
72 22 26
72 23 53
72 29 13
72 30 99
72 31 65
72 32 18
72 33 75
72 34 43
72 35 30
72 36 41
72 38 81
72 41 33
72 45 42
72 47 2
72 49 40
72 50 10
72 51 90
72 52 49
72 53 85
72 54 38
72 56 97
72 58 24
72 59 97
72 61 34
72 64 93
72 65 56
72 66 93
72 71 23
72 74 38
72 76 80
72 77 6
72 82 65
72 83 79
72 85 69
72 91 94
72 96 33
72 98 48
73 0 90
73 2 6
73 3 38
73 5 71
73 6 31
73 11 64
73 12 47
73 14 6
73 16 2
73 17 90
73 20 38
73 21 95
73 22 54
73 23 70
73 24 19
73 26 49
73 28 9
73 29 15
73 31 65
73 32 14
73 35 8
73 37 15
73 38 13
73 39 39
73 41 12
73 46 99
73 49 54
73 50 26
73 51 7
73 52 53
73 55 43
73 56 18
73 58 71
73 59 85
73 60 5
73 61 13
73 64 22
73 66 10
73 67 66
73 70 99
73 72 28
73 74 32
73 75 47
73 77 61
73 78 72
73 79 97
73 80 5
73 86 56
73 88 10
73 90 54
73 91 92
73 92 1
73 93 47
73 95 22
73 96 12
73 98 38
74 0 49
74 1 67
74 2 75
74 3 93
74 4 20
74 6 54
74 12 35
74 13 44
74 15 87
74 16 84
74 18 80
74 23 40
74 25 90
74 26 63
74 30 40
74 31 57
74 33 73
74 35 62
74 36 27
74 37 74
74 39 71
74 40 40
74 41 39
74 42 36
74 44 34
74 45 20
74 46 10
74 50 99
74 51 60
74 52 20
74 53 6
74 55 91
74 57 89
74 60 67
74 64 69
74 67 45
74 69 42
74 71 60
74 72 76
74 77 45
74 79 14
74 80 79
74 83 26
74 84 82
74 86 86
74 88 12
74 89 54
74 91 2
74 92 89
74 93 1
74 94 69
74 95 16
75 1 17
75 3 56
75 4 22
75 10 9
75 11 51
75 17 6
75 18 95
75 20 10
75 21 64
75 22 56
75 25 75
75 26 43
75 28 80
75 29 26
75 30 96
75 31 5
75 32 39
75 33 55
75 34 85
75 36 77
75 38 80
75 39 94
75 40 60
75 41 78
75 42 73
75 53 19
75 56 60
75 59 28
75 60 2
75 67 20
75 70 93
75 71 56
75 76 94
75 80 50
75 81 78
75 84 44
75 86 21
75 88 71
75 90 30
75 91 43
75 95 14
75 96 83
75 98 40
76 1 35
76 2 95
76 4 42
76 10 48
76 11 88
76 12 33
76 16 1
76 18 61
76 20 43
76 22 26
76 23 93
76 24 87
76 26 88
76 27 55
76 28 97
76 29 96
76 30 95
76 31 3
76 34 18
76 35 7
76 37 59
76 38 66
76 39 89
76 42 62
76 45 40
76 49 33
76 50 27
76 54 57
76 56 19
76 59 46
76 60 74
76 61 34
76 62 49
76 64 19
76 67 53
76 68 66
76 69 84
76 70 57
76 71 67
76 74 62
76 75 92
76 78 99
76 79 86
76 82 88
76 84 53
76 85 17
76 87 70
76 88 41
76 91 3
76 92 90
76 93 28
76 95 74
76 96 45
76 97 15
77 0 81
77 1 35
77 4 68
77 5 93
77 6 64
77 7 1
77 8 51
77 9 72
77 13 47
77 18 35
77 19 25
77 20 12
77 23 36
77 24 36
77 27 13
77 28 40
77 29 7
77 30 13
77 32 80
77 33 81
77 35 46
77 37 63
77 38 8
77 42 83
77 44 89
77 48 7
77 49 25
77 50 76
77 52 80
77 53 43
77 54 44
77 56 18
77 58 50
77 62 69
77 63 6
77 64 55
77 65 1
77 66 73
77 67 54
77 68 71
77 69 44
77 73 13
77 74 60
77 81 97
77 82 49
77 83 85
77 85 86
77 86 25
77 88 53
77 91 59
77 96 68
77 99 4
78 0 24
78 3 24
78 4 65
78 6 28
78 8 22
78 10 59
78 11 36
78 13 40
78 16 43
78 18 36
78 19 31
78 22 36
78 27 27
78 28 93
78 29 90
78 32 92
78 36 50
78 37 33
78 39 83
78 40 62
78 41 85
78 44 65
78 48 49
78 49 36
78 50 46
78 51 89
78 54 65
78 56 78
78 57 32
78 60 29
78 62 85
78 65 16
78 68 81
78 71 35
78 74 71
78 75 58
78 76 15
78 82 40
78 84 79
78 85 51
78 86 90
78 91 95
78 92 56
78 93 34
78 95 20
78 97 56
78 99 46
79 0 77
79 7 77
79 8 31
79 9 47
79 10 6
79 11 11
79 13 40
79 16 36
79 18 72
79 19 96
79 20 27
79 21 29
79 26 60
79 27 83
79 38 29
79 40 47
79 42 99
79 43 50
79 47 70
79 51 4
79 54 84
79 55 79
79 56 24
79 60 70
79 61 36
79 62 58
79 64 85
79 66 29
79 67 24
79 70 14
79 74 87
79 75 19
79 77 94
79 78 34
79 80 47
79 82 53
79 84 47
79 85 70
79 87 44
79 88 37
79 90 41
79 91 22
79 93 67
79 96 82
79 97 30
79 99 86
80 0 33
80 1 67
80 2 55
80 4 21
80 5 31
80 6 60
80 7 31
80 8 61
80 9 79
80 10 8
80 11 55
80 13 68
80 14 18
80 16 26
80 18 26
80 20 89
80 23 46
80 24 31
80 25 38
80 27 15
80 29 82
80 30 70
80 33 57
80 38 50
80 39 23
80 40 83
80 41 35
80 45 33
80 46 86
80 48 44
80 49 45
80 50 78
80 53 57
80 54 9
80 55 50
80 56 25
80 59 87
80 63 35
80 64 50
80 65 35
80 66 80
80 68 18
80 69 13
80 72 29
80 76 23
80 78 23
80 82 72
80 86 10
80 87 55
80 91 33
80 94 10
80 98 99
81 0 7
81 2 33
81 3 60
81 6 99
81 9 92
81 11 25
81 12 20
81 13 78
81 14 35
81 17 41
81 18 98
81 20 64
81 23 72
81 24 3
81 25 42
81 27 73
81 36 43
81 37 12
81 39 46
81 40 33
81 42 26
81 45 91
81 46 31
81 52 71
81 54 51
81 55 5
81 61 37
81 62 90
81 64 89
81 67 54
81 68 4
81 70 17
81 73 31
81 74 55
81 75 33
81 76 32
81 77 14
81 78 94
81 80 84
81 82 5
81 83 98
81 85 87
81 86 37
81 87 91
81 88 51
81 89 18
81 92 39
81 93 40
81 95 81
81 96 52
81 97 38
81 99 42
82 1 98
82 2 76
82 5 38
82 7 86
82 11 15
82 12 81
82 13 91
82 14 58
82 16 62
82 19 41
82 20 64
82 22 36
82 23 99
82 24 4
82 25 24
82 27 13
82 28 71
82 29 48
82 30 19
82 31 14
82 32 57
82 34 50
82 36 12
82 37 30
82 41 3
82 43 59
82 45 53
82 49 10
82 50 84
82 54 33
82 55 64
82 61 71
82 62 50
82 63 66
82 64 13
82 65 93
82 67 90
82 68 46
82 69 68
82 70 58
82 72 56
82 73 56
82 75 23
82 79 38
82 81 88
82 84 9
82 86 61
82 89 52
82 90 30
82 91 2
82 92 21
82 93 72
82 95 70
82 98 28
83 0 5
83 1 67
83 5 74
83 6 48
83 8 58
83 9 76
83 10 45
83 12 33
83 14 89
83 18 69
83 20 82
83 22 3
83 24 67
83 28 48
83 29 89
83 30 72
83 31 68
83 33 87
83 36 48
83 38 17
83 39 52
83 42 66
83 43 26
83 44 37
83 45 31
83 46 85
83 50 22
83 51 83
83 52 38
83 53 60
83 54 36
83 56 64
83 57 52
83 58 28
83 61 71
83 63 60
83 64 18
83 66 59
83 67 41
83 68 29
83 69 43
83 72 95
83 73 2
83 75 87
83 78 54
83 82 19
83 84 10
83 88 91
83 90 48
83 91 48
83 93 59
83 94 48
83 96 22
83 97 29
83 98 65
83 99 55
84 3 13
84 4 82
84 6 92
84 8 39
84 9 26
84 13 37
84 15 97
84 18 26
84 19 54
84 20 28
84 21 87
84 23 51
84 24 47
84 25 13
84 26 82
84 31 25
84 33 55
84 35 4
84 38 50
84 41 37
84 42 17
84 43 21
84 44 38
84 46 85
84 53 56
84 55 72
84 60 49
84 62 75
84 64 13
84 65 49
84 68 38
84 69 87
84 70 60
84 72 55
84 73 14
84 74 37
84 75 40
84 76 35
84 77 70
84 78 53
84 79 28
84 82 55
84 83 98
84 85 68
84 87 40
84 89 2
84 90 82
84 91 90
84 93 17
84 96 23
84 99 56
85 0 39
85 5 73
85 7 36
85 8 84
85 11 82
85 14 41
85 16 74
85 19 96
85 21 29
85 23 21
85 24 84
85 26 66
85 27 63
85 32 51
85 37 42
85 38 89
85 42 91
85 45 31
85 46 74
85 48 25
85 49 23
85 51 97
85 53 76
85 54 12
85 55 59
85 56 78
85 57 69
85 58 27
85 59 55
85 61 17
85 62 31
85 63 24
85 65 7
85 66 29
85 70 63
85 72 7
85 73 42
85 75 57
85 76 18
85 77 45
85 80 92
85 81 48
85 82 86
85 83 49
85 86 6
85 87 86
85 89 86
85 90 13
85 91 91
85 92 59
85 94 30
85 97 21
85 99 42
86 1 80
86 2 49
86 3 18
86 4 52
86 5 63
86 6 75
86 8 79
86 10 23
86 13 71
86 14 77
86 17 82
86 20 73
86 21 42
86 22 63
86 24 21
86 26 10
86 28 20
86 30 63
86 34 74
86 38 31
86 40 3
86 42 81
86 43 53
86 45 45
86 49 73
86 50 90
86 51 48
86 52 31
86 53 3
86 60 47
86 63 8
86 66 22
86 67 59
86 68 47
86 71 77
86 73 26
86 75 82
86 76 82
86 77 92
86 81 8
86 82 79
86 83 55
86 84 87
86 85 4
86 87 97
86 88 44
86 89 9
86 90 70
86 91 86
86 92 56
86 93 70
86 95 37
86 97 17
86 98 88
86 99 24
87 2 61
87 3 64
87 4 57
87 5 20
87 6 23
87 8 74
87 11 65
87 14 50
87 22 94
87 23 41
87 28 86
87 32 38
87 35 8
87 36 24
87 39 59
87 40 45
87 41 73
87 44 50
87 47 98
87 49 44
87 50 83
87 51 96
87 52 43
87 53 15
87 55 46
87 60 10
87 61 27
87 63 83
87 64 25
87 66 29
87 67 57
87 69 13
87 70 6
87 71 92
87 76 84
87 78 11
87 79 93
87 82 98
87 84 97
87 85 74
87 90 27
87 92 46
87 94 87
87 99 20
88 0 9
88 2 84
88 7 53
88 8 73
88 9 32
88 10 3
88 13 5
88 14 49
88 16 3
88 17 47
88 20 99
88 21 71
88 25 8
88 29 68
88 32 70
88 35 42
88 36 77
88 40 41
88 43 82
88 44 80
88 46 96
88 47 61
88 49 85
88 52 6
88 54 20
88 56 98
88 59 78
88 60 19
88 61 23
88 66 98
88 67 68
88 69 89
88 70 38
88 72 75
88 75 23
88 77 23
88 79 3
88 80 13
88 84 66
88 89 84
88 93 6
88 98 23
88 99 63
89 0 65
89 1 98
89 2 67
89 3 82
89 4 29
89 10 3
89 11 61
89 15 96
89 16 22
89 18 43
89 19 69
89 23 53
89 25 88
89 26 28
89 27 93
89 29 18
89 32 96
89 33 62
89 35 96
89 42 80
89 44 48
89 46 69
89 47 96
89 48 17
89 51 85
89 53 41
89 55 68
89 56 39
89 61 96
89 64 34
89 65 25
89 66 69
89 70 29
89 76 48
89 77 31
89 79 40
89 80 51
89 82 83
89 83 87
89 86 4
89 88 94
89 90 2
89 91 56
89 92 73
89 93 65
89 94 45
89 95 23
89 96 1
89 97 13
89 98 29
90 2 73
90 4 76
90 8 31
90 12 94
90 13 58
90 14 8
90 15 52
90 17 53
90 18 58
90 19 18
90 21 34
90 24 49
90 25 59
90 26 7
90 27 48
90 28 30
90 30 32
90 32 62
90 33 64
90 34 23
90 35 80
90 36 90
90 40 42
90 41 37
90 42 17
90 43 64
90 44 74
90 45 13
90 46 56
90 53 56
90 54 65
90 56 90
90 59 96
90 60 11
90 63 85
90 65 63
90 66 9
90 67 82
90 68 50
90 69 32
90 70 36
90 73 93
90 75 12
90 77 15
90 78 28
90 80 91
90 81 86
90 88 21
90 89 48
90 92 6
90 93 39
90 94 71
90 95 9
90 96 86
90 99 31
91 0 66
91 2 52
91 10 78
91 11 15
91 12 48
91 16 2
91 18 56
91 20 36
91 22 44
91 26 45
91 27 4
91 32 11
91 34 66
91 36 57
91 37 34
91 44 40
91 46 30
91 47 57
91 51 50
91 53 42
91 56 92
91 58 24
91 59 94
91 63 99
91 64 45
91 66 26
91 68 59
91 69 98
91 71 63
91 72 73
91 73 61
91 74 49
91 76 22
91 80 59
91 83 61
91 84 33
91 86 7
91 89 13
91 90 9
91 92 1
91 93 62
91 94 69
91 96 99
91 97 11
91 98 4
92 4 36
92 5 87
92 7 28
92 8 93
92 9 38
92 13 91
92 16 34
92 18 14
92 19 36
92 22 92
92 24 91
92 25 29
92 26 81
92 30 26
92 31 55
92 33 90
92 37 92
92 39 80
92 40 9
92 41 53
92 42 88
92 43 71
92 44 86
92 45 66
92 48 8
92 49 86
92 53 57
92 56 52
92 57 66
92 58 93
92 59 63
92 61 27
92 69 10
92 72 10
92 73 66
92 74 52
92 78 28
92 80 43
92 81 91
92 82 76
92 84 6
92 86 89
92 87 99
92 88 59
92 90 46
92 93 13
92 95 60
92 96 33
92 97 11
93 0 59
93 6 78
93 7 46
93 8 73
93 9 68
93 10 48
93 11 28
93 12 64
93 14 19
93 15 62
93 16 11
93 18 17
93 19 39
93 20 4
93 21 42
93 22 25
93 24 89
93 28 13
93 29 73
93 30 42
93 31 28
93 32 36
93 33 79
93 35 39
93 37 51
93 42 73
93 44 8
93 45 24
93 49 42
93 50 44
93 51 61
93 56 59
93 57 73
93 59 92
93 61 70
93 67 21
93 68 57
93 70 31
93 72 45
93 73 34
93 74 46
93 75 10
93 76 92
93 77 59
93 78 33
93 79 49
93 80 98
93 81 11
93 82 97
93 83 29
93 87 7
93 90 34
93 91 42
93 92 85
93 94 70
93 96 9
93 97 32
93 99 24
94 0 98
94 1 82
94 3 74
94 5 42
94 6 98
94 7 82
94 9 56
94 13 42
94 15 83
94 16 76
94 17 33
94 18 91
94 19 67
94 20 9
94 22 77
94 23 45
94 25 28
94 27 90
94 32 94
94 35 32
94 36 87
94 37 42
94 38 75
94 39 69
94 41 97
94 42 8
94 44 93
94 45 61
94 48 12
94 49 98
94 50 53
94 51 7
94 56 13
94 57 73
94 59 58
94 63 26
94 64 5
94 65 90
94 68 63
94 70 21
94 72 3
94 74 27
94 75 38
94 80 45
94 83 21
94 86 13
94 88 53
94 89 55
94 90 88
94 91 9
94 92 27
94 95 6
94 97 87
94 98 51
95 0 67
95 1 71
95 3 2
95 5 85
95 6 47
95 7 51
95 8 74
95 9 45
95 10 34
95 12 43
95 13 28
95 15 68
95 16 34
95 22 97
95 24 33
95 26 70
95 32 22
95 33 57
95 36 25
95 38 26
95 43 25
95 44 78
95 45 25
95 46 52
95 47 60
95 49 18
95 50 18
95 51 35
95 55 50
95 64 33
95 65 18
95 66 70
95 68 94
95 70 71
95 73 52
95 74 90
95 75 33
95 76 36
95 77 36
95 78 1
95 80 90
95 84 16
95 85 2
95 86 26
95 91 83
95 92 75
95 94 61
95 98 82
95 99 56
96 5 5
96 7 3
96 8 24
96 10 83
96 12 93
96 14 38
96 15 79
96 16 44
96 17 88
96 18 30
96 20 64
96 21 58
96 22 75
96 25 29
96 26 91
96 27 45
96 28 60
96 31 4
96 33 21
96 34 69
96 35 36
96 36 61
96 40 98
96 42 93
96 50 83
96 51 80
96 52 57
96 53 25
96 54 90
96 55 36
96 56 17
96 57 2
96 60 52
96 61 80
96 62 15
96 63 43
96 66 9
96 70 11
96 71 81
96 73 57
96 74 90
96 75 18
96 79 38
96 83 88
96 84 1
96 85 15
96 86 27
96 91 22
96 92 75
96 93 85
96 94 72
96 98 12
96 99 45
97 0 80
97 2 19
97 3 70
97 4 51
97 5 23
97 6 32
97 8 50
97 9 83
97 10 53
97 12 59
97 17 18
97 18 69
97 19 90
97 20 79
97 21 67
97 25 94
97 26 94
97 28 64
97 29 16
97 30 35
97 31 29
97 33 36
97 38 3
97 41 74
97 42 58
97 45 32
97 46 67
97 50 84
97 52 81
97 56 70
97 59 65
97 63 57
97 66 70
97 67 40
97 69 44
97 70 76
97 75 39
97 77 2
97 78 41
97 80 86
97 81 87
97 85 81
97 86 60
97 92 89
97 93 46
97 98 29
97 99 23
98 0 8
98 4 12
98 7 61
98 9 88
98 12 48
98 17 44
98 19 4
98 22 71
98 24 80
98 26 16
98 27 85
98 33 82
98 35 18
98 37 31
98 38 14
98 41 35
98 42 90
98 43 83
98 45 4
98 46 86
98 48 73
98 50 97
98 51 95
98 52 22
98 55 22
98 56 92
98 57 4
98 59 30
98 60 57
98 62 35
98 66 67
98 67 77
98 68 78
98 69 73
98 72 14
98 73 41
98 74 7
98 75 70
98 76 21
98 77 64
98 78 67
98 80 1
98 82 67
98 83 52
98 84 71
98 85 22
98 88 50
98 89 12
98 90 63
98 91 9
98 93 90
98 94 98
98 95 18
98 96 13
98 97 18
98 99 34
99 2 64
99 5 15
99 6 49
99 7 32
99 8 38
99 9 88
99 12 56
99 13 36
99 14 2
99 16 23
99 17 23
99 18 35
99 19 36
99 23 77
99 25 99
99 26 51
99 27 41
99 29 78
99 30 60
99 34 98
99 35 83
99 39 43
99 40 13
99 43 84
99 45 18
99 47 64
99 48 36
99 49 77
99 52 70
99 54 56
99 55 43
99 56 18
99 58 38
99 59 61
99 62 74
99 63 11
99 66 87
99 67 55
99 69 11
99 70 76
99 71 31
99 72 22
99 75 54
99 76 31
99 78 51
99 80 14
99 81 99
99 84 74
99 87 52
99 89 30
99 94 75
99 95 30
99 96 92
99 97 70
99 98 75
