0 5 7
0 6 9
0 7 20
0 8 6
0 9 30
0 15 66
0 16 54
0 17 53
0 20 73
0 24 50
0 28 37
0 31 77
0 33 15
0 36 72
0 37 97
0 39 94
0 41 54
0 43 26
0 45 46
0 46 48
0 47 74
0 48 15
0 49 73
1 3 29
1 4 64
1 5 16
1 7 59
1 8 78
1 14 99
1 16 84
1 17 40
1 19 58
1 20 34
1 21 78
1 22 3
1 23 45
1 24 3
1 25 96
1 26 64
1 37 21
1 39 37
1 40 27
1 42 15
1 43 54
1 45 86
1 47 10
1 48 52
1 49 5
2 3 89
2 4 13
2 5 48
2 6 13
2 7 67
2 9 77
2 14 5
2 15 40
2 17 35
2 18 77
2 20 17
2 25 5
2 27 46
2 28 40
2 29 37
2 30 55
2 34 12
2 36 34
2 37 7
2 38 99
2 40 85
2 42 75
2 44 29
2 46 59
2 47 66
3 0 35
3 1 44
3 2 94
3 4 34
3 5 65
3 12 81
3 13 30
3 16 57
3 19 74
3 24 73
3 27 6
3 31 1
3 32 47
3 33 72
3 34 84
3 36 72
3 37 95
3 41 31
3 42 81
3 44 5
3 45 79
3 46 29
3 48 55
4 1 62
4 3 89
4 7 76
4 8 5
4 9 98
4 10 86
4 13 38
4 14 17
4 17 88
4 20 50
4 23 78
4 24 99
4 26 10
4 27 53
4 28 51
4 29 10
4 34 19
4 35 33
4 37 2
4 43 53
4 47 89
4 48 7
4 49 52
5 1 71
5 2 11
5 3 35
5 6 35
5 7 11
5 8 17
5 10 61
5 11 51
5 13 12
5 15 90
5 21 52
5 22 42
5 23 40
5 24 34
5 32 39
5 36 57
5 38 93
5 40 19
5 42 4
5 44 79
5 45 85
5 46 79
5 47 20
5 48 65
6 1 35
6 2 24
6 3 57
6 4 47
6 7 76
6 11 32
6 14 62
6 16 13
6 17 37
6 19 51
6 20 57
6 22 90
6 23 56
6 24 7
6 27 19
6 30 70
6 31 3
6 32 42
6 33 52
6 34 59
6 36 65
6 40 40
6 46 30
6 47 20
6 49 66
7 1 50
7 2 12
7 3 49
7 4 33
7 8 64
7 9 51
7 11 90
7 12 30
7 14 91
7 15 19
7 16 71
7 19 83
7 20 10
7 22 95
7 23 24
7 26 54
7 28 58
7 29 35
7 30 27
7 32 80
7 38 11
7 39 55
7 40 12
7 41 45
7 42 11
7 43 34
7 46 81
7 47 38
7 49 4
8 0 16
8 1 35
8 3 82
8 5 52
8 9 29
8 10 84
8 11 29
8 14 42
8 18 96
8 20 11
8 22 8
8 24 96
8 25 54
8 29 63
8 32 25
8 33 51
8 35 42
8 36 78
8 38 48
8 41 34
8 43 6
8 44 92
8 45 29
8 46 22
8 47 69
9 0 35
9 2 8
9 6 90
9 7 2
9 8 13
9 10 72
9 15 8
9 16 91
9 20 9
9 21 87
9 22 96
9 23 96
9 24 90
9 26 18
9 28 72
9 31 68
9 32 19
9 34 96
9 36 88
9 38 84
9 39 68
9 40 77
9 42 29
9 47 29
9 49 63
10 1 46
10 3 18
10 4 47
10 5 40
10 7 81
10 9 17
10 11 32
10 13 15
10 14 7
10 17 96
10 18 5
10 19 21
10 21 98
10 23 47
10 25 12
10 26 38
10 28 93
10 30 69
10 31 85
10 32 35
10 34 4
10 35 19
10 36 31
10 37 92
10 38 56
10 40 71
10 43 65
10 46 70
10 49 98
11 1 85
11 3 89
11 7 94
11 8 57
11 9 52
11 15 36
11 18 40
11 20 78
11 24 17
11 25 35
11 27 11
11 28 25
11 29 40
11 35 73
11 36 40
11 39 56
11 41 27
11 42 50
11 45 45
11 46 53
11 48 57
11 49 93
12 0 81
12 3 63
12 4 57
12 6 79
12 7 38
12 9 55
12 10 70
12 15 3
12 16 84
12 17 97
12 19 94
12 21 50
12 22 91
12 24 81
12 26 89
12 27 36
12 28 59
12 29 33
12 31 86
12 32 3
12 33 34
12 34 8
12 37 32
12 38 36
12 40 11
12 41 98
12 42 65
12 43 56
12 45 51
12 46 9
12 47 37
13 1 68
13 2 6
13 3 1
13 5 40
13 6 19
13 7 92
13 8 24
13 10 43
13 11 32
13 12 29
13 14 33
13 16 53
13 17 36
13 18 3
13 20 13
13 21 8
13 23 30
13 24 97
13 25 51
13 27 98
13 28 44
13 31 13
13 33 58
13 34 85
13 36 74
13 37 20
13 40 41
13 42 14
13 45 91
13 46 36
13 47 75
13 48 51
14 2 83
14 5 81
14 7 79
14 12 24
14 13 2
14 15 84
14 16 30
14 19 16
14 25 3
14 31 21
14 34 68
14 35 87
14 38 48
14 39 31
14 40 34
14 42 7
14 43 91
14 48 78
15 0 97
15 6 32
15 7 42
15 10 13
15 11 31
15 14 96
15 17 42
15 19 64
15 26 42
15 27 97
15 28 90
15 30 93
15 35 99
15 39 17
15 40 60
15 42 63
15 45 82
15 47 93
15 48 33
15 49 58
16 0 61
16 1 50
16 2 48
16 5 69
16 6 39
16 8 31
16 9 83
16 13 70
16 14 54
16 15 83
16 17 6
16 19 30
16 21 97
16 22 33
16 23 63
16 24 58
16 25 39
16 26 39
16 27 7
16 29 55
16 34 33
16 36 75
16 39 4
16 41 20
16 43 67
16 44 53
16 46 15
16 47 23
16 48 25
16 49 43
17 0 28
17 5 65
17 12 60
17 13 32
17 14 82
17 16 19
17 18 69
17 19 42
17 20 85
17 21 93
17 22 48
17 23 47
17 25 26
17 27 10
17 28 84
17 34 30
17 40 45
17 42 35
17 45 86
17 48 75
17 49 88
18 0 28
18 2 11
18 3 6
18 4 62
18 7 53
18 9 77
18 11 67
18 14 38
18 15 45
18 16 94
18 19 17
18 21 83
18 23 85
18 24 69
18 27 38
18 29 25
18 30 50
18 31 12
18 32 37
18 33 48
18 41 89
18 44 11
19 4 35
19 6 34
19 7 11
19 8 52
19 10 68
19 11 9
19 14 30
19 15 47
19 17 63
19 18 38
19 20 38
19 21 20
19 24 16
19 26 20
19 28 89
19 29 68
19 31 59
19 32 95
19 33 64
19 37 67
19 38 25
19 39 61
19 40 59
19 41 39
19 42 25
19 45 35
19 46 9
19 49 3
20 3 75
20 4 21
20 5 98
20 7 27
20 8 86
20 13 90
20 14 25
20 15 32
20 16 8
20 17 50
20 18 33
20 19 22
20 21 69
20 22 48
20 24 14
20 28 77
20 29 67
20 34 87
20 35 54
20 37 91
20 38 82
20 41 82
20 42 31
20 43 37
20 44 9
20 45 87
20 46 98
20 49 69
21 2 78
21 6 92
21 7 32
21 8 14
21 9 83
21 11 16
21 12 72
21 13 24
21 14 27
21 19 15
21 20 67
21 22 89
21 23 81
21 24 27
21 25 24
21 26 39
21 27 18
21 32 76
21 34 33
21 35 74
21 37 90
21 38 71
21 39 95
21 40 63
21 41 94
21 43 69
21 44 81
21 48 33
21 49 24
22 5 15
22 6 38
22 7 17
22 9 41
22 10 27
22 15 8
22 17 93
22 20 51
22 21 85
22 23 53
22 24 28
22 27 66
22 33 21
22 36 88
22 38 34
22 40 79
22 41 86
22 42 91
22 44 88
22 47 50
22 48 66
22 49 10
23 4 98
23 6 34
23 8 15
23 12 8
23 14 25
23 15 67
23 17 28
23 18 71
23 19 19
23 21 31
23 24 55
23 28 92
23 31 35
23 32 66
23 33 9
23 34 52
23 36 41
23 42 88
23 43 69
23 44 59
23 45 84
24 2 5
24 3 6
24 4 82
24 5 7
24 6 57
24 8 56
24 9 29
24 12 88
24 14 98
24 16 65
24 20 5
24 21 32
24 25 2
24 26 65
24 27 45
24 29 93
24 30 33
24 31 51
24 32 34
24 35 99
24 36 21
24 37 32
24 42 52
24 46 6
24 47 51
24 49 3
25 0 14
25 2 13
25 5 84
25 7 86
25 8 54
25 9 21
25 12 93
25 13 16
25 14 44
25 22 20
25 28 38
25 30 11
25 31 49
25 32 68
25 35 85
25 37 51
25 40 83
25 44 3
25 45 70
25 46 72
25 49 93
26 2 55
26 4 87
26 7 93
26 8 99
26 9 91
26 10 31
26 11 8
26 13 50
26 28 69
26 29 92
26 31 37
26 32 35
26 35 5
26 38 53
26 40 99
26 42 56
26 43 17
26 45 11
26 46 69
26 49 61
27 1 87
27 2 33
27 5 38
27 8 83
27 9 16
27 10 76
27 11 93
27 12 7
27 13 98
27 18 38
27 20 55
27 21 73
27 22 76
27 26 79
27 30 94
27 37 56
27 38 22
27 39 14
27 40 79
27 42 50
27 48 77
28 0 79
28 3 22
28 4 92
28 5 56
28 6 37
28 7 84
28 15 36
28 18 39
28 19 95
28 20 89
28 25 89
28 29 72
28 33 1
28 34 99
28 35 43
28 37 5
28 39 84
28 41 26
28 42 89
28 43 69
28 44 1
28 45 98
28 46 91
28 48 56
28 49 45
29 0 62
29 1 93
29 7 53
29 8 5
29 9 76
29 10 74
29 12 4
29 15 24
29 21 84
29 23 4
29 24 54
29 25 1
29 26 80
29 28 29
29 30 62
29 31 45
29 33 57
29 35 99
29 36 67
29 37 34
29 39 34
29 40 40
29 44 98
29 45 83
29 46 87
29 48 96
29 49 48
30 0 88
30 1 72
30 2 92
30 4 64
30 6 1
30 8 11
30 10 29
30 13 69
30 16 4
30 17 79
30 20 54
30 22 25
30 23 83
30 24 7
30 25 40
30 27 92
30 28 33
30 29 29
30 33 52
30 35 79
30 36 5
30 38 68
30 39 93
30 42 48
30 44 27
31 2 29
31 3 80
31 6 75
31 11 85
31 12 54
31 15 5
31 16 37
31 17 73
31 19 93
31 25 47
31 26 57
31 29 73
31 33 10
31 35 93
31 38 4
31 41 13
31 43 95
31 45 26
31 47 92
31 48 78
32 2 96
32 3 81
32 4 86
32 11 31
32 12 57
32 13 25
32 15 27
32 17 89
32 18 36
32 19 90
32 23 6
32 24 12
32 26 8
32 27 51
32 28 61
32 29 84
32 30 57
32 35 86
32 36 57
32 37 89
32 38 6
32 43 37
32 46 65
32 47 22
32 48 10
33 0 47
33 2 29
33 3 86
33 4 45
33 7 79
33 8 63
33 10 92
33 12 16
33 13 71
33 15 68
33 16 91
33 17 64
33 18 56
33 19 77
33 20 53
33 23 14
33 25 59
33 28 49
33 29 42
33 30 45
33 32 54
33 34 95
33 35 83
33 38 33
33 39 11
33 41 71
33 42 81
33 43 63
33 44 96
33 48 46
34 0 90
34 2 81
34 4 85
34 6 97
34 7 18
34 8 47
34 10 79
34 14 72
34 15 26
34 17 64
34 18 82
34 19 85
34 20 34
34 21 10
34 22 26
34 23 25
34 24 30
34 25 94
34 27 97
34 28 43
34 29 97
34 30 81
34 31 2
34 32 17
34 33 36
34 35 25
34 36 21
34 38 1
34 39 59
34 40 64
34 42 62
34 43 58
34 46 94
34 47 24
34 48 35
34 49 16
35 1 74
35 2 40
35 3 6
35 4 67
35 5 79
35 6 97
35 7 28
35 11 5
35 14 35
35 15 97
35 16 60
35 17 42
35 18 50
35 20 20
35 21 93
35 23 46
35 27 36
35 32 33
35 33 72
35 36 59
35 37 5
35 38 5
35 40 21
35 41 61
35 44 67
35 47 15
35 49 23
36 0 93
36 4 35
36 7 91
36 8 4
36 10 26
36 11 92
36 12 51
36 17 90
36 19 15
36 21 62
36 22 44
36 23 61
36 25 90
36 28 48
36 29 32
36 30 84
36 33 89
36 37 70
36 39 13
36 40 45
36 42 8
36 43 84
36 45 41
36 48 54
36 49 2
37 0 80
37 3 28
37 4 1
37 5 93
37 9 80
37 10 64
37 13 21
37 18 41
37 19 62
37 20 56
37 22 8
37 23 65
37 26 35
37 28 68
37 29 96
37 31 79
37 33 78
37 36 63
37 39 8
37 41 16
37 44 37
37 45 18
37 46 52
37 47 33
38 0 82
38 1 31
38 2 29
38 4 58
38 6 46
38 12 29
38 14 17
38 17 82
38 19 49
38 20 18
38 24 91
38 27 40
38 30 9
38 32 82
38 33 84
38 34 83
38 35 65
38 37 59
38 39 34
38 41 12
38 42 45
38 44 16
38 45 21
38 47 68
38 48 87
38 49 59
39 1 11
39 2 93
39 3 81
39 4 74
39 10 98
39 12 14
39 16 26
39 17 82
39 18 39
39 19 19
39 24 27
39 25 6
39 27 20
39 28 10
39 32 97
39 33 75
39 34 78
39 37 81
39 38 9
39 40 4
39 44 2
39 46 57
39 47 35
39 48 52
40 0 86
40 1 33
40 2 54
40 5 89
40 6 50
40 7 11
40 12 67
40 14 68
40 21 9
40 22 97
40 23 96
40 25 88
40 27 13
40 28 68
40 29 44
40 30 96
40 33 99
40 34 4
40 38 24
40 39 22
40 42 58
40 43 70
40 44 39
40 45 33
40 46 49
40 47 45
40 49 45
41 0 93
41 1 55
41 3 81
41 4 26
41 8 46
41 9 21
41 11 82
41 14 99
41 15 97
41 16 86
41 17 67
41 18 22
41 20 53
41 23 52
41 24 22
41 26 29
41 29 2
41 31 67
41 34 34
41 37 84
41 38 9
41 39 21
41 40 29
41 42 63
41 43 43
41 44 96
41 45 12
41 46 10
41 47 48
41 49 71
42 0 87
42 1 67
42 5 59
42 6 42
42 7 57
42 11 38
42 12 98
42 17 94
42 18 97
42 25 80
42 26 77
42 27 56
42 28 11
42 29 14
42 31 53
42 33 29
42 35 75
42 36 68
42 37 37
42 38 32
42 39 72
42 40 41
42 43 62
42 46 94
42 47 33
42 48 70
42 49 18
43 0 23
43 2 4
43 4 86
43 5 58
43 6 82
43 8 81
43 12 55
43 13 29
43 15 51
43 16 40
43 19 52
43 20 53
43 21 40
43 24 49
43 25 97
43 27 43
43 28 38
43 29 36
43 31 10
43 32 86
43 34 65
43 36 35
43 37 29
43 39 12
43 40 11
43 41 9
43 42 44
43 44 45
43 46 79
43 47 27
43 48 22
43 49 14
44 0 45
44 2 95
44 3 96
44 4 55
44 6 32
44 8 11
44 9 20
44 10 15
44 11 79
44 14 97
44 16 54
44 19 94
44 21 92
44 27 52
44 28 5
44 29 12
44 32 33
44 33 78
44 35 78
44 38 93
44 39 71
44 40 26
44 41 29
44 42 66
44 45 84
44 46 7
44 49 42
45 2 44
45 5 71
45 9 69
45 10 61
45 14 4
45 15 44
45 18 46
45 19 64
45 20 32
45 21 47
45 23 81
45 26 79
45 28 57
45 31 80
45 32 19
45 34 69
45 35 74
45 36 52
45 37 26
45 38 54
45 39 86
45 40 76
45 42 1
45 48 30
46 4 99
46 5 10
46 8 83
46 9 32
46 10 94
46 11 12
46 13 59
46 16 34
46 17 69
46 20 61
46 23 33
46 24 22
46 26 49
46 29 56
46 32 61
46 33 1
46 37 64
46 39 67
46 40 25
46 41 32
46 42 26
46 44 29
46 49 19
47 1 13
47 3 69
47 6 88
47 10 65
47 12 33
47 13 91
47 14 48
47 15 63
47 20 15
47 21 4
47 22 90
47 24 94
47 25 37
47 28 25
47 29 43
47 30 99
47 31 21
47 32 2
47 34 80
47 35 79
47 36 30
47 37 93
47 38 89
47 40 21
47 41 43
47 43 56
47 46 39
47 48 59
47 49 78
48 1 97
48 2 57
48 3 87
48 4 29
48 5 97
48 6 68
48 8 13
48 11 33
48 12 62
48 13 5
48 14 96
48 15 17
48 17 17
48 18 20
48 19 92
48 23 21
48 25 35
48 29 58
48 32 47
48 37 28
48 38 55
48 39 60
48 41 68
48 43 21
48 45 92
48 47 13
48 49 72
49 0 16
49 2 21
49 6 41
49 9 21
49 11 81
49 12 23
49 13 13
49 14 50
49 15 28
49 16 86
49 19 70
49 20 36
49 22 5
49 28 70
49 29 86
49 32 48
49 33 48
49 34 82
49 35 74
49 37 51
49 39 7
49 41 58
49 42 72
49 43 70
49 44 71
49 45 65
49 46 57
49 48 77
